0 39 91 280 
2 1 15 23 26 34 36 38 44 58 65 75 81 83 96 106 107 109 127 133 144 147 155 156 158 162 172 177 178 181 192 205 209 247 267 268 
3 25 35 49 67 79 90 101 104 111 150 168 169 170 180 190 200 203 207 214 218 221 232 239 246 251 262 270 271 274 
4 31 54 93 126 130 135 139 179 216 237 264 278 281 
6 10 11 12 13 14 16 17 21 22 244 
8 10 11 12 13 14 16 17 21 22 244 
9 10 11 12 13 14 16 17 21 22 244 
10 10 11 12 13 14 16 17 21 22 244 
11 10 11 12 13 14 16 17 21 22 244 
12 10 11 12 13 14 16 17 21 22 244 
13 10 11 12 13 14 16 17 21 22 244 
14 10 11 12 13 14 16 17 21 22 244 
15 31 54 93 126 130 135 139 179 216 237 264 278 281 
16 1 15 23 26 34 36 38 44 58 65 75 81 83 96 106 107 109 127 133 144 147 155 156 158 162 172 177 178 181 192 205 209 247 267 268 
18 4 7 9 18 27 32 43 50 53 55 57 66 73 76 82 84 85 94 95 97 100 116 128 129 134 141 142 143 145 153 159 160 164 165 167 171 175 176 184 193 204 206 210 211 215 219 243 248 249 250 252 254 255 256 257 272 275 279 
19 4 7 9 18 27 32 43 50 53 55 57 66 73 76 82 84 85 94 95 97 100 116 128 129 134 141 142 143 145 153 159 160 164 165 167 171 175 176 184 193 204 206 210 211 215 219 243 248 249 250 252 254 255 256 257 272 275 279 
20 6 19 29 61 72 92 125 136 149 151 161 189 191 229 240 260 269 276 277 
22 8 37 89 108 
23 1 15 23 26 34 36 38 44 58 65 75 81 83 96 106 107 109 127 133 144 147 155 156 158 162 172 177 178 181 192 205 209 247 267 268 
25 4 7 9 18 27 32 43 50 53 55 57 66 73 76 82 84 85 94 95 97 100 116 128 129 134 141 142 143 145 153 159 160 164 165 167 171 175 176 184 193 204 206 210 211 215 219 243 248 249 250 252 254 255 256 257 272 275 279 
27 0 5 20 24 51 52 115 124 131 137 157 187 197 202 223 227 230 233 236 253 259 261 265 
28 25 35 49 67 79 90 101 104 111 150 168 169 170 180 190 200 203 207 214 218 221 232 239 246 251 262 270 271 274 
30 28 71 105 146 183 208 
31 4 7 9 18 27 32 43 50 53 55 57 66 73 76 82 84 85 94 95 97 100 116 128 129 134 141 142 143 145 153 159 160 164 165 167 171 175 176 184 193 204 206 210 211 215 219 243 248 249 250 252 254 255 256 257 272 275 279 
32 60 113 154 217 
33 25 35 49 67 79 90 101 104 111 150 168 169 170 180 190 200 203 207 214 218 221 232 239 246 251 262 270 271 274 
34 114 228 
36 0 5 20 24 51 52 115 124 131 137 157 187 197 202 223 227 230 233 236 253 259 261 265 
38 1 15 23 26 34 36 38 44 58 65 75 81 83 96 106 107 109 127 133 144 147 155 156 158 162 172 177 178 181 192 205 209 247 267 268 
39 25 35 49 67 79 90 101 104 111 150 168 169 170 180 190 200 203 207 214 218 221 232 239 246 251 262 270 271 274 
40 231 
41 1 15 23 26 34 36 38 44 58 65 75 81 83 96 106 107 109 127 133 144 147 155 156 158 162 172 177 178 181 192 205 209 247 267 268 
42 31 54 93 126 130 135 139 179 216 237 264 278 281 
43 1 15 23 26 34 36 38 44 58 65 75 81 83 96 106 107 109 127 133 144 147 155 156 158 162 172 177 178 181 192 205 209 247 267 268 
44 30 33 40 41 47 77 78 80 112 174 185 222 224 238 266 
45 25 35 49 67 79 90 101 104 111 150 168 169 170 180 190 200 203 207 214 218 221 232 239 246 251 262 270 271 274 
46 4 7 9 18 27 32 43 50 53 55 57 66 73 76 82 84 85 94 95 97 100 116 128 129 134 141 142 143 145 153 159 160 164 165 167 171 175 176 184 193 204 206 210 211 215 219 243 248 249 250 252 254 255 256 257 272 275 279 
47 30 33 40 41 47 77 78 80 112 174 185 222 224 238 266 
48 56 74 102 173 
49 31 54 93 126 130 135 139 179 216 237 264 278 281 
51 4 7 9 18 27 32 43 50 53 55 57 66 73 76 82 84 85 94 95 97 100 116 128 129 134 141 142 143 145 153 159 160 164 165 167 171 175 176 184 193 204 206 210 211 215 219 243 248 249 250 252 254 255 256 257 272 275 279 
53 4 7 9 18 27 32 43 50 53 55 57 66 73 76 82 84 85 94 95 97 100 116 128 129 134 141 142 143 145 153 159 160 164 165 167 171 175 176 184 193 204 206 210 211 215 219 243 248 249 250 252 254 255 256 257 272 275 279 
54 25 35 49 67 79 90 101 104 111 150 168 169 170 180 190 200 203 207 214 218 221 232 239 246 251 262 270 271 274 
55 25 35 49 67 79 90 101 104 111 150 168 169 170 180 190 200 203 207 214 218 221 232 239 246 251 262 270 271 274 
56 231 
57 4 7 9 18 27 32 43 50 53 55 57 66 73 76 82 84 85 94 95 97 100 116 128 129 134 141 142 143 145 153 159 160 164 165 167 171 175 176 184 193 204 206 210 211 215 219 243 248 249 250 252 254 255 256 257 272 275 279 
58 60 113 154 217 
59 88 
60 0 5 20 24 51 52 115 124 131 137 157 187 197 202 223 227 230 233 236 253 259 261 265 
61 31 54 93 126 130 135 139 179 216 237 264 278 281 
62 6 19 29 61 72 92 125 136 149 151 161 189 191 229 240 260 269 276 277 
63 1 15 23 26 34 36 38 44 58 65 75 81 83 96 106 107 109 127 133 144 147 155 156 158 162 172 177 178 181 192 205 209 247 267 268 
64 231 
65 114 228 
66 63 68 70 
67 64 
69 63 68 70 
70 63 68 70 
71 69 
72 28 71 105 146 183 208 
74 0 5 20 24 51 52 115 124 131 137 157 187 197 202 223 227 230 233 236 253 259 261 265 
75 8 37 89 108 
76 241 
78 28 71 105 146 183 208 
79 25 35 49 67 79 90 101 104 111 150 168 169 170 180 190 200 203 207 214 218 221 232 239 246 251 262 270 271 274 
81 31 54 93 126 130 135 139 179 216 237 264 278 281 
83 25 35 49 67 79 90 101 104 111 150 168 169 170 180 190 200 203 207 214 218 221 232 239 246 251 262 270 271 274 
84 241 
85 132 
86 60 113 154 217 
87 4 7 9 18 27 32 43 50 53 55 57 66 73 76 82 84 85 94 95 97 100 116 128 129 134 141 142 143 145 153 159 160 164 165 167 171 175 176 184 193 204 206 210 211 215 219 243 248 249 250 252 254 255 256 257 272 275 279 
88 60 113 154 217 
89 28 71 105 146 183 208 
90 25 35 49 67 79 90 101 104 111 150 168 169 170 180 190 200 203 207 214 218 221 232 239 246 251 262 270 271 274 
92 4 7 9 18 27 32 43 50 53 55 57 66 73 76 82 84 85 94 95 97 100 116 128 129 134 141 142 143 145 153 159 160 164 165 167 171 175 176 184 193 204 206 210 211 215 219 243 248 249 250 252 254 255 256 257 272 275 279 
94 88 
95 30 33 40 41 47 77 78 80 112 174 185 222 224 238 266 
96 25 35 49 67 79 90 101 104 111 150 168 169 170 180 190 200 203 207 214 218 221 232 239 246 251 262 270 271 274 
97 31 54 93 126 130 135 139 179 216 237 264 278 281 
98 4 7 9 18 27 32 43 50 53 55 57 66 73 76 82 84 85 94 95 97 100 116 128 129 134 141 142 143 145 153 159 160 164 165 167 171 175 176 184 193 204 206 210 211 215 219 243 248 249 250 252 254 255 256 257 272 275 279 
99 31 54 93 126 130 135 139 179 216 237 264 278 281 
100 114 228 
103 4 7 9 18 27 32 43 50 53 55 57 66 73 76 82 84 85 94 95 97 100 116 128 129 134 141 142 143 145 153 159 160 164 165 167 171 175 176 184 193 204 206 210 211 215 219 243 248 249 250 252 254 255 256 257 272 275 279 
104 4 7 9 18 27 32 43 50 53 55 57 66 73 76 82 84 85 94 95 97 100 116 128 129 134 141 142 143 145 153 159 160 164 165 167 171 175 176 184 193 204 206 210 211 215 219 243 248 249 250 252 254 255 256 257 272 275 279 
105 4 7 9 18 27 32 43 50 53 55 57 66 73 76 82 84 85 94 95 97 100 116 128 129 134 141 142 143 145 153 159 160 164 165 167 171 175 176 184 193 204 206 210 211 215 219 243 248 249 250 252 254 255 256 257 272 275 279 
106 60 113 154 217 
107 4 7 9 18 27 32 43 50 53 55 57 66 73 76 82 84 85 94 95 97 100 116 128 129 134 141 142 143 145 153 159 160 164 165 167 171 175 176 184 193 204 206 210 211 215 219 243 248 249 250 252 254 255 256 257 272 275 279 
108 25 35 49 67 79 90 101 104 111 150 168 169 170 180 190 200 203 207 214 218 221 232 239 246 251 262 270 271 274 
109 1 15 23 26 34 36 38 44 58 65 75 81 83 96 106 107 109 127 133 144 147 155 156 158 162 172 177 178 181 192 205 209 247 267 268 
110 4 7 9 18 27 32 43 50 53 55 57 66 73 76 82 84 85 94 95 97 100 116 128 129 134 141 142 143 145 153 159 160 164 165 167 171 175 176 184 193 204 206 210 211 215 219 243 248 249 250 252 254 255 256 257 272 275 279 
111 25 35 49 67 79 90 101 104 111 150 168 169 170 180 190 200 203 207 214 218 221 232 239 246 251 262 270 271 274 
112 60 113 154 217 
113 56 74 102 173 
114 4 7 9 18 27 32 43 50 53 55 57 66 73 76 82 84 85 94 95 97 100 116 128 129 134 141 142 143 145 153 159 160 164 165 167 171 175 176 184 193 204 206 210 211 215 219 243 248 249 250 252 254 255 256 257 272 275 279 
115 60 113 154 217 
116 42 48 
118 25 35 49 67 79 90 101 104 111 150 168 169 170 180 190 200 203 207 214 218 221 232 239 246 251 262 270 271 274 
119 140 188 213 220 235 258 
120 4 7 9 18 27 32 43 50 53 55 57 66 73 76 82 84 85 94 95 97 100 116 128 129 134 141 142 143 145 153 159 160 164 165 167 171 175 176 184 193 204 206 210 211 215 219 243 248 249 250 252 254 255 256 257 272 275 279 
121 25 35 49 67 79 90 101 104 111 150 168 169 170 180 190 200 203 207 214 218 221 232 239 246 251 262 270 271 274 
122 4 7 9 18 27 32 43 50 53 55 57 66 73 76 82 84 85 94 95 97 100 116 128 129 134 141 142 143 145 153 159 160 164 165 167 171 175 176 184 193 204 206 210 211 215 219 243 248 249 250 252 254 255 256 257 272 275 279 
123 60 113 154 217 
124 6 19 29 61 72 92 125 136 149 151 161 189 191 229 240 260 269 276 277 
125 4 7 9 18 27 32 43 50 53 55 57 66 73 76 82 84 85 94 95 97 100 116 128 129 134 141 142 143 145 153 159 160 164 165 167 171 175 176 184 193 204 206 210 211 215 219 243 248 249 250 252 254 255 256 257 272 275 279 
126 30 33 40 41 47 77 78 80 112 174 185 222 224 238 266 
127 8 37 89 108 
128 56 74 102 173 
129 4 7 9 18 27 32 43 50 53 55 57 66 73 76 82 84 85 94 95 97 100 116 128 129 134 141 142 143 145 153 159 160 164 165 167 171 175 176 184 193 204 206 210 211 215 219 243 248 249 250 252 254 255 256 257 272 275 279 
130 0 5 20 24 51 52 115 124 131 137 157 187 197 202 223 227 230 233 236 253 259 261 265 
131 60 113 154 217 
132 56 74 102 173 
134 60 113 154 217 
135 4 7 9 18 27 32 43 50 53 55 57 66 73 76 82 84 85 94 95 97 100 116 128 129 134 141 142 143 145 153 159 160 164 165 167 171 175 176 184 193 204 206 210 211 215 219 243 248 249 250 252 254 255 256 257 272 275 279 
136 60 113 154 217 
137 117 118 119 120 122 
138 117 118 119 120 122 
140 117 118 119 120 122 
142 117 118 119 120 122 
143 1 15 23 26 34 36 38 44 58 65 75 81 83 96 106 107 109 127 133 144 147 155 156 158 162 172 177 178 181 192 205 209 247 267 268 
144 0 5 20 24 51 52 115 124 131 137 157 187 197 202 223 227 230 233 236 253 259 261 265 
145 6 19 29 61 72 92 125 136 149 151 161 189 191 229 240 260 269 276 277 
146 8 37 89 108 
147 31 54 93 126 130 135 139 179 216 237 264 278 281 
148 6 19 29 61 72 92 125 136 149 151 161 189 191 229 240 260 269 276 277 
149 1 15 23 26 34 36 38 44 58 65 75 81 83 96 106 107 109 127 133 144 147 155 156 158 162 172 177 178 181 192 205 209 247 267 268 
150 0 5 20 24 51 52 115 124 131 137 157 187 197 202 223 227 230 233 236 253 259 261 265 
152 6 19 29 61 72 92 125 136 149 151 161 189 191 229 240 260 269 276 277 
153 56 74 102 173 
154 99 
155 25 35 49 67 79 90 101 104 111 150 168 169 170 180 190 200 203 207 214 218 221 232 239 246 251 262 270 271 274 
156 46 86 87 110 
159 31 54 93 126 130 135 139 179 216 237 264 278 281 
160 1 15 23 26 34 36 38 44 58 65 75 81 83 96 106 107 109 127 133 144 147 155 156 158 162 172 177 178 181 192 205 209 247 267 268 
161 4 7 9 18 27 32 43 50 53 55 57 66 73 76 82 84 85 94 95 97 100 116 128 129 134 141 142 143 145 153 159 160 164 165 167 171 175 176 184 193 204 206 210 211 215 219 243 248 249 250 252 254 255 256 257 272 275 279 
162 88 
163 103 
165 0 5 20 24 51 52 115 124 131 137 157 187 197 202 223 227 230 233 236 253 259 261 265 
166 4 7 9 18 27 32 43 50 53 55 57 66 73 76 82 84 85 94 95 97 100 116 128 129 134 141 142 143 145 153 159 160 164 165 167 171 175 176 184 193 204 206 210 211 215 219 243 248 249 250 252 254 255 256 257 272 275 279 
167 25 35 49 67 79 90 101 104 111 150 168 169 170 180 190 200 203 207 214 218 221 232 239 246 251 262 270 271 274 
168 4 7 9 18 27 32 43 50 53 55 57 66 73 76 82 84 85 94 95 97 100 116 128 129 134 141 142 143 145 153 159 160 164 165 167 171 175 176 184 193 204 206 210 211 215 219 243 248 249 250 252 254 255 256 257 272 275 279 
169 241 
171 4 7 9 18 27 32 43 50 53 55 57 66 73 76 82 84 85 94 95 97 100 116 128 129 134 141 142 143 145 153 159 160 164 165 167 171 175 176 184 193 204 206 210 211 215 219 243 248 249 250 252 254 255 256 257 272 275 279 
172 4 7 9 18 27 32 43 50 53 55 57 66 73 76 82 84 85 94 95 97 100 116 128 129 134 141 142 143 145 153 159 160 164 165 167 171 175 176 184 193 204 206 210 211 215 219 243 248 249 250 252 254 255 256 257 272 275 279 
173 4 7 9 18 27 32 43 50 53 55 57 66 73 76 82 84 85 94 95 97 100 116 128 129 134 141 142 143 145 153 159 160 164 165 167 171 175 176 184 193 204 206 210 211 215 219 243 248 249 250 252 254 255 256 257 272 275 279 
175 4 7 9 18 27 32 43 50 53 55 57 66 73 76 82 84 85 94 95 97 100 116 128 129 134 141 142 143 145 153 159 160 164 165 167 171 175 176 184 193 204 206 210 211 215 219 243 248 249 250 252 254 255 256 257 272 275 279 
177 25 35 49 67 79 90 101 104 111 150 168 169 170 180 190 200 203 207 214 218 221 232 239 246 251 262 270 271 274 
178 4 7 9 18 27 32 43 50 53 55 57 66 73 76 82 84 85 94 95 97 100 116 128 129 134 141 142 143 145 153 159 160 164 165 167 171 175 176 184 193 204 206 210 211 215 219 243 248 249 250 252 254 255 256 257 272 275 279 
179 241 
180 25 35 49 67 79 90 101 104 111 150 168 169 170 180 190 200 203 207 214 218 221 232 239 246 251 262 270 271 274 
181 4 7 9 18 27 32 43 50 53 55 57 66 73 76 82 84 85 94 95 97 100 116 128 129 134 141 142 143 145 153 159 160 164 165 167 171 175 176 184 193 204 206 210 211 215 219 243 248 249 250 252 254 255 256 257 272 275 279 
182 25 35 49 67 79 90 101 104 111 150 168 169 170 180 190 200 203 207 214 218 221 232 239 246 251 262 270 271 274 
183 1 15 23 26 34 36 38 44 58 65 75 81 83 96 106 107 109 127 133 144 147 155 156 158 162 172 177 178 181 192 205 209 247 267 268 
184 31 54 93 126 130 135 139 179 216 237 264 278 281 
185 152 166 
186 0 5 20 24 51 52 115 124 131 137 157 187 197 202 223 227 230 233 236 253 259 261 265 
187 30 33 40 41 47 77 78 80 112 174 185 222 224 238 266 
188 114 228 
189 4 7 9 18 27 32 43 50 53 55 57 66 73 76 82 84 85 94 95 97 100 116 128 129 134 141 142 143 145 153 159 160 164 165 167 171 175 176 184 193 204 206 210 211 215 219 243 248 249 250 252 254 255 256 257 272 275 279 
191 25 35 49 67 79 90 101 104 111 150 168 169 170 180 190 200 203 207 214 218 221 232 239 246 251 262 270 271 274 
192 39 91 280 
193 28 71 105 146 183 208 
195 4 7 9 18 27 32 43 50 53 55 57 66 73 76 82 84 85 94 95 97 100 116 128 129 134 141 142 143 145 153 159 160 164 165 167 171 175 176 184 193 204 206 210 211 215 219 243 248 249 250 252 254 255 256 257 272 275 279 
196 1 15 23 26 34 36 38 44 58 65 75 81 83 96 106 107 109 127 133 144 147 155 156 158 162 172 177 178 181 192 205 209 247 267 268 
197 25 35 49 67 79 90 101 104 111 150 168 169 170 180 190 200 203 207 214 218 221 232 239 246 251 262 270 271 274 
198 4 7 9 18 27 32 43 50 53 55 57 66 73 76 82 84 85 94 95 97 100 116 128 129 134 141 142 143 145 153 159 160 164 165 167 171 175 176 184 193 204 206 210 211 215 219 243 248 249 250 252 254 255 256 257 272 275 279 
200 31 54 93 126 130 135 139 179 216 237 264 278 281 
201 114 228 
203 31 54 93 126 130 135 139 179 216 237 264 278 281 
204 6 19 29 61 72 92 125 136 149 151 161 189 191 229 240 260 269 276 277 
205 56 74 102 173 
206 46 86 87 110 
208 6 19 29 61 72 92 125 136 149 151 161 189 191 229 240 260 269 276 277 
209 25 35 49 67 79 90 101 104 111 150 168 169 170 180 190 200 203 207 214 218 221 232 239 246 251 262 270 271 274 
210 30 33 40 41 47 77 78 80 112 174 185 222 224 238 266 
211 88 
212 25 35 49 67 79 90 101 104 111 150 168 169 170 180 190 200 203 207 214 218 221 232 239 246 251 262 270 271 274 
214 4 7 9 18 27 32 43 50 53 55 57 66 73 76 82 84 85 94 95 97 100 116 128 129 134 141 142 143 145 153 159 160 164 165 167 171 175 176 184 193 204 206 210 211 215 219 243 248 249 250 252 254 255 256 257 272 275 279 
215 46 86 87 110 
216 1 15 23 26 34 36 38 44 58 65 75 81 83 96 106 107 109 127 133 144 147 155 156 158 162 172 177 178 181 192 205 209 247 267 268 
217 4 7 9 18 27 32 43 50 53 55 57 66 73 76 82 84 85 94 95 97 100 116 128 129 134 141 142 143 145 153 159 160 164 165 167 171 175 176 184 193 204 206 210 211 215 219 243 248 249 250 252 254 255 256 257 272 275 279 
218 241 
221 194 195 196 198 199 
224 194 195 196 198 199 
225 194 195 196 198 199 
227 4 7 9 18 27 32 43 50 53 55 57 66 73 76 82 84 85 94 95 97 100 116 128 129 134 141 142 143 145 153 159 160 164 165 167 171 175 176 184 193 204 206 210 211 215 219 243 248 249 250 252 254 255 256 257 272 275 279 
228 4 7 9 18 27 32 43 50 53 55 57 66 73 76 82 84 85 94 95 97 100 116 128 129 134 141 142 143 145 153 159 160 164 165 167 171 175 176 184 193 204 206 210 211 215 219 243 248 249 250 252 254 255 256 257 272 275 279 
229 88 
230 1 15 23 26 34 36 38 44 58 65 75 81 83 96 106 107 109 127 133 144 147 155 156 158 162 172 177 178 181 192 205 209 247 267 268 
232 0 5 20 24 51 52 115 124 131 137 157 187 197 202 223 227 230 233 236 253 259 261 265 
233 140 188 213 220 235 258 
234 4 7 9 18 27 32 43 50 53 55 57 66 73 76 82 84 85 94 95 97 100 116 128 129 134 141 142 143 145 153 159 160 164 165 167 171 175 176 184 193 204 206 210 211 215 219 243 248 249 250 252 254 255 256 257 272 275 279 
236 4 7 9 18 27 32 43 50 53 55 57 66 73 76 82 84 85 94 95 97 100 116 128 129 134 141 142 143 145 153 159 160 164 165 167 171 175 176 184 193 204 206 210 211 215 219 243 248 249 250 252 254 255 256 257 272 275 279 
238 241 
239 60 113 154 217 
240 39 91 280 
241 28 71 105 146 183 208 
243 60 113 154 217 
244 42 48 
245 25 35 49 67 79 90 101 104 111 150 168 169 170 180 190 200 203 207 214 218 221 232 239 246 251 262 270 271 274 
246 4 7 9 18 27 32 43 50 53 55 57 66 73 76 82 84 85 94 95 97 100 116 128 129 134 141 142 143 145 153 159 160 164 165 167 171 175 176 184 193 204 206 210 211 215 219 243 248 249 250 252 254 255 256 257 272 275 279 
247 4 7 9 18 27 32 43 50 53 55 57 66 73 76 82 84 85 94 95 97 100 116 128 129 134 141 142 143 145 153 159 160 164 165 167 171 175 176 184 193 204 206 210 211 215 219 243 248 249 250 252 254 255 256 257 272 275 279 
249 4 7 9 18 27 32 43 50 53 55 57 66 73 76 82 84 85 94 95 97 100 116 128 129 134 141 142 143 145 153 159 160 164 165 167 171 175 176 184 193 204 206 210 211 215 219 243 248 249 250 252 254 255 256 257 272 275 279 
250 1 15 23 26 34 36 38 44 58 65 75 81 83 96 106 107 109 127 133 144 147 155 156 158 162 172 177 178 181 192 205 209 247 267 268 
251 8 37 89 108 
252 140 188 213 220 235 258 
253 241 
254 4 7 9 18 27 32 43 50 53 55 57 66 73 76 82 84 85 94 95 97 100 116 128 129 134 141 142 143 145 153 159 160 164 165 167 171 175 176 184 193 204 206 210 211 215 219 243 248 249 250 252 254 255 256 257 272 275 279 
256 30 33 40 41 47 77 78 80 112 174 185 222 224 238 266 
257 46 86 87 110 
258 25 35 49 67 79 90 101 104 111 150 168 169 170 180 190 200 203 207 214 218 221 232 239 246 251 262 270 271 274 
259 60 113 154 217 
260 1 15 23 26 34 36 38 44 58 65 75 81 83 96 106 107 109 127 133 144 147 155 156 158 162 172 177 178 181 192 205 209 247 267 268 
262 28 71 105 146 183 208 
263 60 113 154 217 
264 31 54 93 126 130 135 139 179 216 237 264 278 281 
265 30 33 40 41 47 77 78 80 112 174 185 222 224 238 266 
266 1 15 23 26 34 36 38 44 58 65 75 81 83 96 106 107 109 127 133 144 147 155 156 158 162 172 177 178 181 192 205 209 247 267 268 
267 31 54 93 126 130 135 139 179 216 237 264 278 281 
268 6 19 29 61 72 92 125 136 149 151 161 189 191 229 240 260 269 276 277 
269 6 19 29 61 72 92 125 136 149 151 161 189 191 229 240 260 269 276 277 
270 4 7 9 18 27 32 43 50 53 55 57 66 73 76 82 84 85 94 95 97 100 116 128 129 134 141 142 143 145 153 159 160 164 165 167 171 175 176 184 193 204 206 210 211 215 219 243 248 249 250 252 254 255 256 257 272 275 279 
271 0 5 20 24 51 52 115 124 131 137 157 187 197 202 223 227 230 233 236 253 259 261 265 
273 241 
274 60 113 154 217 
275 25 35 49 67 79 90 101 104 111 150 168 169 170 180 190 200 203 207 214 218 221 232 239 246 251 262 270 271 274 
277 4 7 9 18 27 32 43 50 53 55 57 66 73 76 82 84 85 94 95 97 100 116 128 129 134 141 142 143 145 153 159 160 164 165 167 171 175 176 184 193 204 206 210 211 215 219 243 248 249 250 252 254 255 256 257 272 275 279 
278 4 7 9 18 27 32 43 50 53 55 57 66 73 76 82 84 85 94 95 97 100 116 128 129 134 141 142 143 145 153 159 160 164 165 167 171 175 176 184 193 204 206 210 211 215 219 243 248 249 250 252 254 255 256 257 272 275 279 
280 0 5 20 24 51 52 115 124 131 137 157 187 197 202 223 227 230 233 236 253 259 261 265 
281 0 5 20 24 51 52 115 124 131 137 157 187 197 202 223 227 230 233 236 253 259 261 265 
282 25 35 49 67 79 90 101 104 111 150 168 169 170 180 190 200 203 207 214 218 221 232 239 246 251 262 270 271 274 
283 30 33 40 41 47 77 78 80 112 174 185 222 224 238 266 
284 140 188 213 220 235 258 
285 99 
288 25 35 49 67 79 90 101 104 111 150 168 169 170 180 190 200 203 207 214 218 221 232 239 246 251 262 270 271 274 
289 25 35 49 67 79 90 101 104 111 150 168 169 170 180 190 200 203 207 214 218 221 232 239 246 251 262 270 271 274 
290 241 
291 4 7 9 18 27 32 43 50 53 55 57 66 73 76 82 84 85 94 95 97 100 116 128 129 134 141 142 143 145 153 159 160 164 165 167 171 175 176 184 193 204 206 210 211 215 219 243 248 249 250 252 254 255 256 257 272 275 279 
292 4 7 9 18 27 32 43 50 53 55 57 66 73 76 82 84 85 94 95 97 100 116 128 129 134 141 142 143 145 153 159 160 164 165 167 171 175 176 184 193 204 206 210 211 215 219 243 248 249 250 252 254 255 256 257 272 275 279 
293 25 35 49 67 79 90 101 104 111 150 168 169 170 180 190 200 203 207 214 218 221 232 239 246 251 262 270 271 274 
295 46 86 87 110 
297 182 
299 25 35 49 67 79 90 101 104 111 150 168 169 170 180 190 200 203 207 214 218 221 232 239 246 251 262 270 271 274 
301 4 7 9 18 27 32 43 50 53 55 57 66 73 76 82 84 85 94 95 97 100 116 128 129 134 141 142 143 145 153 159 160 164 165 167 171 175 176 184 193 204 206 210 211 215 219 243 248 249 250 252 254 255 256 257 272 275 279 
302 10 11 12 13 14 16 17 21 22 244 
303 0 5 20 24 51 52 115 124 131 137 157 187 197 202 223 227 230 233 236 253 259 261 265 
304 4 7 9 18 27 32 43 50 53 55 57 66 73 76 82 84 85 94 95 97 100 116 128 129 134 141 142 143 145 153 159 160 164 165 167 171 175 176 184 193 204 206 210 211 215 219 243 248 249 250 252 254 255 256 257 272 275 279 
305 0 5 20 24 51 52 115 124 131 137 157 187 197 202 223 227 230 233 236 253 259 261 265 
307 4 7 9 18 27 32 43 50 53 55 57 66 73 76 82 84 85 94 95 97 100 116 128 129 134 141 142 143 145 153 159 160 164 165 167 171 175 176 184 193 204 206 210 211 215 219 243 248 249 250 252 254 255 256 257 272 275 279 
308 8 37 89 108 
309 25 35 49 67 79 90 101 104 111 150 168 169 170 180 190 200 203 207 214 218 221 232 239 246 251 262 270 271 274 
310 1 15 23 26 34 36 38 44 58 65 75 81 83 96 106 107 109 127 133 144 147 155 156 158 162 172 177 178 181 192 205 209 247 267 268 
312 4 7 9 18 27 32 43 50 53 55 57 66 73 76 82 84 85 94 95 97 100 116 128 129 134 141 142 143 145 153 159 160 164 165 167 171 175 176 184 193 204 206 210 211 215 219 243 248 249 250 252 254 255 256 257 272 275 279 
314 4 7 9 18 27 32 43 50 53 55 57 66 73 76 82 84 85 94 95 97 100 116 128 129 134 141 142 143 145 153 159 160 164 165 167 171 175 176 184 193 204 206 210 211 215 219 243 248 249 250 252 254 255 256 257 272 275 279 
315 140 188 213 220 235 258 
316 99 
317 31 54 93 126 130 135 139 179 216 237 264 278 281 
318 1 15 23 26 34 36 38 44 58 65 75 81 83 96 106 107 109 127 133 144 147 155 156 158 162 172 177 178 181 192 205 209 247 267 268 
320 39 91 280 
321 4 7 9 18 27 32 43 50 53 55 57 66 73 76 82 84 85 94 95 97 100 116 128 129 134 141 142 143 145 153 159 160 164 165 167 171 175 176 184 193 204 206 210 211 215 219 243 248 249 250 252 254 255 256 257 272 275 279 
322 31 54 93 126 130 135 139 179 216 237 264 278 281 
323 4 7 9 18 27 32 43 50 53 55 57 66 73 76 82 84 85 94 95 97 100 116 128 129 134 141 142 143 145 153 159 160 164 165 167 171 175 176 184 193 204 206 210 211 215 219 243 248 249 250 252 254 255 256 257 272 275 279 
324 28 71 105 146 183 208 
