0 0 1 3 12 24 36 38 46 48 52 54 63 66 71 73 75 76 78 81 82 85 88 94 96 100 109 117 121 131 132 133 137 146 156 157 158 212 222 223 233 241 246 249 252 259 261 262 277 
1 9 19 22 23 40 41 56 79 95 101 103 111 120 124 129 136 160 162 170 176 179 182 198 216 232 239 253 
2 2 4 10 14 61 84 149 150 168 184 187 199 200 202 218 219 220 226 227 245 248 265 272 
3 5 45 72 127 138 167 196 205 221 225 267 
4 6 49 174 273 
5 7 11 15 17 28 32 35 37 51 55 60 62 64 69 83 89 104 110 140 141 142 145 148 153 161 165 169 173 177 181 186 188 204 210 229 231 240 255 257 269 276 
6 13 27 80 91 97 106 113 114 122 143 147 201 214 228 244 251 254 268 278 281 
7 8 29 50 58 98 116 119 134 139 151 163 178 180 192 193 209 211 213 235 250 258 282 
8 42 70 107 126 171 191 270 
9 16 18 20 25 26 33 47 59 65 68 74 90 93 112 115 123 128 130 152 154 166 172 189 194 197 207 224 236 237 238 266 280 
10 42 70 107 126 171 191 270 
11 0 1 3 12 24 36 38 46 48 52 54 63 66 71 73 75 76 78 81 82 85 88 94 96 100 109 117 121 131 132 133 137 146 156 157 158 212 222 223 233 241 246 249 252 259 261 262 277 
12 2 4 10 14 61 84 149 150 168 184 187 199 200 202 218 219 220 226 227 245 248 265 272 
13 2 4 10 14 61 84 149 150 168 184 187 199 200 202 218 219 220 226 227 245 248 265 272 
14 2 4 10 14 61 84 149 150 168 184 187 199 200 202 218 219 220 226 227 245 248 265 272 
15 16 18 20 25 26 33 47 59 65 68 74 90 93 112 115 123 128 130 152 154 166 172 189 194 197 207 224 236 237 238 266 280 
16 6 49 174 273 
17 7 11 15 17 28 32 35 37 51 55 60 62 64 69 83 89 104 110 140 141 142 145 148 153 161 165 169 173 177 181 186 188 204 210 229 231 240 255 257 269 276 
19 16 18 20 25 26 33 47 59 65 68 74 90 93 112 115 123 128 130 152 154 166 172 189 194 197 207 224 236 237 238 266 280 
20 13 27 80 91 97 106 113 114 122 143 147 201 214 228 244 251 254 268 278 281 
21 8 29 50 58 98 116 119 134 139 151 163 178 180 192 193 209 211 213 235 250 258 282 
22 7 11 15 17 28 32 35 37 51 55 60 62 64 69 83 89 104 110 140 141 142 145 148 153 161 165 169 173 177 181 186 188 204 210 229 231 240 255 257 269 276 
23 7 11 15 17 28 32 35 37 51 55 60 62 64 69 83 89 104 110 140 141 142 145 148 153 161 165 169 173 177 181 186 188 204 210 229 231 240 255 257 269 276 
25 6 49 174 273 
26 6 49 174 273 
27 0 1 3 12 24 36 38 46 48 52 54 63 66 71 73 75 76 78 81 82 85 88 94 96 100 109 117 121 131 132 133 137 146 156 157 158 212 222 223 233 241 246 249 252 259 261 262 277 
28 13 27 80 91 97 106 113 114 122 143 147 201 214 228 244 251 254 268 278 281 
29 9 19 22 23 40 41 56 79 95 101 103 111 120 124 129 136 160 162 170 176 179 182 198 216 232 239 253 
30 7 11 15 17 28 32 35 37 51 55 60 62 64 69 83 89 104 110 140 141 142 145 148 153 161 165 169 173 177 181 186 188 204 210 229 231 240 255 257 269 276 
32 0 1 3 12 24 36 38 46 48 52 54 63 66 71 73 75 76 78 81 82 85 88 94 96 100 109 117 121 131 132 133 137 146 156 157 158 212 222 223 233 241 246 249 252 259 261 262 277 
33 9 19 22 23 40 41 56 79 95 101 103 111 120 124 129 136 160 162 170 176 179 182 198 216 232 239 253 
34 5 45 72 127 138 167 196 205 221 225 267 
35 7 11 15 17 28 32 35 37 51 55 60 62 64 69 83 89 104 110 140 141 142 145 148 153 161 165 169 173 177 181 186 188 204 210 229 231 240 255 257 269 276 
36 7 11 15 17 28 32 35 37 51 55 60 62 64 69 83 89 104 110 140 141 142 145 148 153 161 165 169 173 177 181 186 188 204 210 229 231 240 255 257 269 276 
37 13 27 80 91 97 106 113 114 122 143 147 201 214 228 244 251 254 268 278 281 
38 8 29 50 58 98 116 119 134 139 151 163 178 180 192 193 209 211 213 235 250 258 282 
39 13 27 80 91 97 106 113 114 122 143 147 201 214 228 244 251 254 268 278 281 
40 7 11 15 17 28 32 35 37 51 55 60 62 64 69 83 89 104 110 140 141 142 145 148 153 161 165 169 173 177 181 186 188 204 210 229 231 240 255 257 269 276 
41 8 29 50 58 98 116 119 134 139 151 163 178 180 192 193 209 211 213 235 250 258 282 
43 0 1 3 12 24 36 38 46 48 52 54 63 66 71 73 75 76 78 81 82 85 88 94 96 100 109 117 121 131 132 133 137 146 156 157 158 212 222 223 233 241 246 249 252 259 261 262 277 
44 2 4 10 14 61 84 149 150 168 184 187 199 200 202 218 219 220 226 227 245 248 265 272 
45 13 27 80 91 97 106 113 114 122 143 147 201 214 228 244 251 254 268 278 281 
46 164 195 271 
47 16 18 20 25 26 33 47 59 65 68 74 90 93 112 115 123 128 130 152 154 166 172 189 194 197 207 224 236 237 238 266 280 
48 16 18 20 25 26 33 47 59 65 68 74 90 93 112 115 123 128 130 152 154 166 172 189 194 197 207 224 236 237 238 266 280 
49 16 18 20 25 26 33 47 59 65 68 74 90 93 112 115 123 128 130 152 154 166 172 189 194 197 207 224 236 237 238 266 280 
50 7 11 15 17 28 32 35 37 51 55 60 62 64 69 83 89 104 110 140 141 142 145 148 153 161 165 169 173 177 181 186 188 204 210 229 231 240 255 257 269 276 
51 0 1 3 12 24 36 38 46 48 52 54 63 66 71 73 75 76 78 81 82 85 88 94 96 100 109 117 121 131 132 133 137 146 156 157 158 212 222 223 233 241 246 249 252 259 261 262 277 
52 8 29 50 58 98 116 119 134 139 151 163 178 180 192 193 209 211 213 235 250 258 282 
53 7 11 15 17 28 32 35 37 51 55 60 62 64 69 83 89 104 110 140 141 142 145 148 153 161 165 169 173 177 181 186 188 204 210 229 231 240 255 257 269 276 
54 13 27 80 91 97 106 113 114 122 143 147 201 214 228 244 251 254 268 278 281 
55 7 11 15 17 28 32 35 37 51 55 60 62 64 69 83 89 104 110 140 141 142 145 148 153 161 165 169 173 177 181 186 188 204 210 229 231 240 255 257 269 276 
57 42 70 107 126 171 191 270 
58 8 29 50 58 98 116 119 134 139 151 163 178 180 192 193 209 211 213 235 250 258 282 
60 6 49 174 273 
61 7 11 15 17 28 32 35 37 51 55 60 62 64 69 83 89 104 110 140 141 142 145 148 153 161 165 169 173 177 181 186 188 204 210 229 231 240 255 257 269 276 
62 16 18 20 25 26 33 47 59 65 68 74 90 93 112 115 123 128 130 152 154 166 172 189 194 197 207 224 236 237 238 266 280 
63 7 11 15 17 28 32 35 37 51 55 60 62 64 69 83 89 104 110 140 141 142 145 148 153 161 165 169 173 177 181 186 188 204 210 229 231 240 255 257 269 276 
64 16 18 20 25 26 33 47 59 65 68 74 90 93 112 115 123 128 130 152 154 166 172 189 194 197 207 224 236 237 238 266 280 
65 7 11 15 17 28 32 35 37 51 55 60 62 64 69 83 89 104 110 140 141 142 145 148 153 161 165 169 173 177 181 186 188 204 210 229 231 240 255 257 269 276 
66 16 18 20 25 26 33 47 59 65 68 74 90 93 112 115 123 128 130 152 154 166 172 189 194 197 207 224 236 237 238 266 280 
67 42 70 107 126 171 191 270 
68 7 11 15 17 28 32 35 37 51 55 60 62 64 69 83 89 104 110 140 141 142 145 148 153 161 165 169 173 177 181 186 188 204 210 229 231 240 255 257 269 276 
69 13 27 80 91 97 106 113 114 122 143 147 201 214 228 244 251 254 268 278 281 
70 8 29 50 58 98 116 119 134 139 151 163 178 180 192 193 209 211 213 235 250 258 282 
71 16 18 20 25 26 33 47 59 65 68 74 90 93 112 115 123 128 130 152 154 166 172 189 194 197 207 224 236 237 238 266 280 
72 7 11 15 17 28 32 35 37 51 55 60 62 64 69 83 89 104 110 140 141 142 145 148 153 161 165 169 173 177 181 186 188 204 210 229 231 240 255 257 269 276 
73 9 19 22 23 40 41 56 79 95 101 103 111 120 124 129 136 160 162 170 176 179 182 198 216 232 239 253 
74 16 18 20 25 26 33 47 59 65 68 74 90 93 112 115 123 128 130 152 154 166 172 189 194 197 207 224 236 237 238 266 280 
75 8 29 50 58 98 116 119 134 139 151 163 178 180 192 193 209 211 213 235 250 258 282 
76 13 27 80 91 97 106 113 114 122 143 147 201 214 228 244 251 254 268 278 281 
77 9 19 22 23 40 41 56 79 95 101 103 111 120 124 129 136 160 162 170 176 179 182 198 216 232 239 253 
78 9 19 22 23 40 41 56 79 95 101 103 111 120 124 129 136 160 162 170 176 179 182 198 216 232 239 253 
79 7 11 15 17 28 32 35 37 51 55 60 62 64 69 83 89 104 110 140 141 142 145 148 153 161 165 169 173 177 181 186 188 204 210 229 231 240 255 257 269 276 
80 42 70 107 126 171 191 270 
81 42 70 107 126 171 191 270 
82 16 18 20 25 26 33 47 59 65 68 74 90 93 112 115 123 128 130 152 154 166 172 189 194 197 207 224 236 237 238 266 280 
83 6 49 174 273 
85 13 27 80 91 97 106 113 114 122 143 147 201 214 228 244 251 254 268 278 281 
86 2 4 10 14 61 84 149 150 168 184 187 199 200 202 218 219 220 226 227 245 248 265 272 
87 16 18 20 25 26 33 47 59 65 68 74 90 93 112 115 123 128 130 152 154 166 172 189 194 197 207 224 236 237 238 266 280 
88 16 18 20 25 26 33 47 59 65 68 74 90 93 112 115 123 128 130 152 154 166 172 189 194 197 207 224 236 237 238 266 280 
89 13 27 80 91 97 106 113 114 122 143 147 201 214 228 244 251 254 268 278 281 
90 5 45 72 127 138 167 196 205 221 225 267 
91 9 19 22 23 40 41 56 79 95 101 103 111 120 124 129 136 160 162 170 176 179 182 198 216 232 239 253 
93 9 19 22 23 40 41 56 79 95 101 103 111 120 124 129 136 160 162 170 176 179 182 198 216 232 239 253 
94 16 18 20 25 26 33 47 59 65 68 74 90 93 112 115 123 128 130 152 154 166 172 189 194 197 207 224 236 237 238 266 280 
95 9 19 22 23 40 41 56 79 95 101 103 111 120 124 129 136 160 162 170 176 179 182 198 216 232 239 253 
96 16 18 20 25 26 33 47 59 65 68 74 90 93 112 115 123 128 130 152 154 166 172 189 194 197 207 224 236 237 238 266 280 
97 8 29 50 58 98 116 119 134 139 151 163 178 180 192 193 209 211 213 235 250 258 282 
98 9 19 22 23 40 41 56 79 95 101 103 111 120 124 129 136 160 162 170 176 179 182 198 216 232 239 253 
99 8 29 50 58 98 116 119 134 139 151 163 178 180 192 193 209 211 213 235 250 258 282 
100 16 18 20 25 26 33 47 59 65 68 74 90 93 112 115 123 128 130 152 154 166 172 189 194 197 207 224 236 237 238 266 280 
101 2 4 10 14 61 84 149 150 168 184 187 199 200 202 218 219 220 226 227 245 248 265 272 
102 42 70 107 126 171 191 270 
103 7 11 15 17 28 32 35 37 51 55 60 62 64 69 83 89 104 110 140 141 142 145 148 153 161 165 169 173 177 181 186 188 204 210 229 231 240 255 257 269 276 
104 42 70 107 126 171 191 270 
105 6 49 174 273 
106 7 11 15 17 28 32 35 37 51 55 60 62 64 69 83 89 104 110 140 141 142 145 148 153 161 165 169 173 177 181 186 188 204 210 229 231 240 255 257 269 276 
107 7 11 15 17 28 32 35 37 51 55 60 62 64 69 83 89 104 110 140 141 142 145 148 153 161 165 169 173 177 181 186 188 204 210 229 231 240 255 257 269 276 
108 7 11 15 17 28 32 35 37 51 55 60 62 64 69 83 89 104 110 140 141 142 145 148 153 161 165 169 173 177 181 186 188 204 210 229 231 240 255 257 269 276 
109 13 27 80 91 97 106 113 114 122 143 147 201 214 228 244 251 254 268 278 281 
110 42 70 107 126 171 191 270 
111 16 18 20 25 26 33 47 59 65 68 74 90 93 112 115 123 128 130 152 154 166 172 189 194 197 207 224 236 237 238 266 280 
112 13 27 80 91 97 106 113 114 122 143 147 201 214 228 244 251 254 268 278 281 
113 13 27 80 91 97 106 113 114 122 143 147 201 214 228 244 251 254 268 278 281 
114 7 11 15 17 28 32 35 37 51 55 60 62 64 69 83 89 104 110 140 141 142 145 148 153 161 165 169 173 177 181 186 188 204 210 229 231 240 255 257 269 276 
115 9 19 22 23 40 41 56 79 95 101 103 111 120 124 129 136 160 162 170 176 179 182 198 216 232 239 253 
116 2 4 10 14 61 84 149 150 168 184 187 199 200 202 218 219 220 226 227 245 248 265 272 
117 9 19 22 23 40 41 56 79 95 101 103 111 120 124 129 136 160 162 170 176 179 182 198 216 232 239 253 
118 8 29 50 58 98 116 119 134 139 151 163 178 180 192 193 209 211 213 235 250 258 282 
119 7 11 15 17 28 32 35 37 51 55 60 62 64 69 83 89 104 110 140 141 142 145 148 153 161 165 169 173 177 181 186 188 204 210 229 231 240 255 257 269 276 
120 2 4 10 14 61 84 149 150 168 184 187 199 200 202 218 219 220 226 227 245 248 265 272 
121 16 18 20 25 26 33 47 59 65 68 74 90 93 112 115 123 128 130 152 154 166 172 189 194 197 207 224 236 237 238 266 280 
122 7 11 15 17 28 32 35 37 51 55 60 62 64 69 83 89 104 110 140 141 142 145 148 153 161 165 169 173 177 181 186 188 204 210 229 231 240 255 257 269 276 
123 13 27 80 91 97 106 113 114 122 143 147 201 214 228 244 251 254 268 278 281 
124 6 49 174 273 
125 16 18 20 25 26 33 47 59 65 68 74 90 93 112 115 123 128 130 152 154 166 172 189 194 197 207 224 236 237 238 266 280 
126 9 19 22 23 40 41 56 79 95 101 103 111 120 124 129 136 160 162 170 176 179 182 198 216 232 239 253 
127 16 18 20 25 26 33 47 59 65 68 74 90 93 112 115 123 128 130 152 154 166 172 189 194 197 207 224 236 237 238 266 280 
128 7 11 15 17 28 32 35 37 51 55 60 62 64 69 83 89 104 110 140 141 142 145 148 153 161 165 169 173 177 181 186 188 204 210 229 231 240 255 257 269 276 
129 0 1 3 12 24 36 38 46 48 52 54 63 66 71 73 75 76 78 81 82 85 88 94 96 100 109 117 121 131 132 133 137 146 156 157 158 212 222 223 233 241 246 249 252 259 261 262 277 
130 2 4 10 14 61 84 149 150 168 184 187 199 200 202 218 219 220 226 227 245 248 265 272 
131 5 45 72 127 138 167 196 205 221 225 267 
132 16 18 20 25 26 33 47 59 65 68 74 90 93 112 115 123 128 130 152 154 166 172 189 194 197 207 224 236 237 238 266 280 
134 7 11 15 17 28 32 35 37 51 55 60 62 64 69 83 89 104 110 140 141 142 145 148 153 161 165 169 173 177 181 186 188 204 210 229 231 240 255 257 269 276 
135 13 27 80 91 97 106 113 114 122 143 147 201 214 228 244 251 254 268 278 281 
136 21 30 31 39 43 53 57 67 77 86 87 92 99 102 105 108 118 125 135 144 155 159 175 183 185 190 203 206 208 215 217 230 234 242 243 247 256 260 263 264 274 275 279 
137 21 30 31 39 43 53 57 67 77 86 87 92 99 102 105 108 118 125 135 144 155 159 175 183 185 190 203 206 208 215 217 230 234 242 243 247 256 260 263 264 274 275 279 
138 16 18 20 25 26 33 47 59 65 68 74 90 93 112 115 123 128 130 152 154 166 172 189 194 197 207 224 236 237 238 266 280 
139 16 18 20 25 26 33 47 59 65 68 74 90 93 112 115 123 128 130 152 154 166 172 189 194 197 207 224 236 237 238 266 280 
140 2 4 10 14 61 84 149 150 168 184 187 199 200 202 218 219 220 226 227 245 248 265 272 
141 7 11 15 17 28 32 35 37 51 55 60 62 64 69 83 89 104 110 140 141 142 145 148 153 161 165 169 173 177 181 186 188 204 210 229 231 240 255 257 269 276 
142 16 18 20 25 26 33 47 59 65 68 74 90 93 112 115 123 128 130 152 154 166 172 189 194 197 207 224 236 237 238 266 280 
143 8 29 50 58 98 116 119 134 139 151 163 178 180 192 193 209 211 213 235 250 258 282 
144 7 11 15 17 28 32 35 37 51 55 60 62 64 69 83 89 104 110 140 141 142 145 148 153 161 165 169 173 177 181 186 188 204 210 229 231 240 255 257 269 276 
145 7 11 15 17 28 32 35 37 51 55 60 62 64 69 83 89 104 110 140 141 142 145 148 153 161 165 169 173 177 181 186 188 204 210 229 231 240 255 257 269 276 
146 8 29 50 58 98 116 119 134 139 151 163 178 180 192 193 209 211 213 235 250 258 282 
147 0 1 3 12 24 36 38 46 48 52 54 63 66 71 73 75 76 78 81 82 85 88 94 96 100 109 117 121 131 132 133 137 146 156 157 158 212 222 223 233 241 246 249 252 259 261 262 277 
148 6 49 174 273 
150 2 4 10 14 61 84 149 150 168 184 187 199 200 202 218 219 220 226 227 245 248 265 272 
151 16 18 20 25 26 33 47 59 65 68 74 90 93 112 115 123 128 130 152 154 166 172 189 194 197 207 224 236 237 238 266 280 
152 9 19 22 23 40 41 56 79 95 101 103 111 120 124 129 136 160 162 170 176 179 182 198 216 232 239 253 
153 0 1 3 12 24 36 38 46 48 52 54 63 66 71 73 75 76 78 81 82 85 88 94 96 100 109 117 121 131 132 133 137 146 156 157 158 212 222 223 233 241 246 249 252 259 261 262 277 
155 8 29 50 58 98 116 119 134 139 151 163 178 180 192 193 209 211 213 235 250 258 282 
156 16 18 20 25 26 33 47 59 65 68 74 90 93 112 115 123 128 130 152 154 166 172 189 194 197 207 224 236 237 238 266 280 
158 16 18 20 25 26 33 47 59 65 68 74 90 93 112 115 123 128 130 152 154 166 172 189 194 197 207 224 236 237 238 266 280 
159 2 4 10 14 61 84 149 150 168 184 187 199 200 202 218 219 220 226 227 245 248 265 272 
160 8 29 50 58 98 116 119 134 139 151 163 178 180 192 193 209 211 213 235 250 258 282 
161 8 29 50 58 98 116 119 134 139 151 163 178 180 192 193 209 211 213 235 250 258 282 
162 0 1 3 12 24 36 38 46 48 52 54 63 66 71 73 75 76 78 81 82 85 88 94 96 100 109 117 121 131 132 133 137 146 156 157 158 212 222 223 233 241 246 249 252 259 261 262 277 
163 8 29 50 58 98 116 119 134 139 151 163 178 180 192 193 209 211 213 235 250 258 282 
164 42 70 107 126 171 191 270 
165 0 1 3 12 24 36 38 46 48 52 54 63 66 71 73 75 76 78 81 82 85 88 94 96 100 109 117 121 131 132 133 137 146 156 157 158 212 222 223 233 241 246 249 252 259 261 262 277 
166 42 70 107 126 171 191 270 
167 0 1 3 12 24 36 38 46 48 52 54 63 66 71 73 75 76 78 81 82 85 88 94 96 100 109 117 121 131 132 133 137 146 156 157 158 212 222 223 233 241 246 249 252 259 261 262 277 
168 0 1 3 12 24 36 38 46 48 52 54 63 66 71 73 75 76 78 81 82 85 88 94 96 100 109 117 121 131 132 133 137 146 156 157 158 212 222 223 233 241 246 249 252 259 261 262 277 
169 9 19 22 23 40 41 56 79 95 101 103 111 120 124 129 136 160 162 170 176 179 182 198 216 232 239 253 
170 2 4 10 14 61 84 149 150 168 184 187 199 200 202 218 219 220 226 227 245 248 265 272 
171 0 1 3 12 24 36 38 46 48 52 54 63 66 71 73 75 76 78 81 82 85 88 94 96 100 109 117 121 131 132 133 137 146 156 157 158 212 222 223 233 241 246 249 252 259 261 262 277 
172 8 29 50 58 98 116 119 134 139 151 163 178 180 192 193 209 211 213 235 250 258 282 
173 0 1 3 12 24 36 38 46 48 52 54 63 66 71 73 75 76 78 81 82 85 88 94 96 100 109 117 121 131 132 133 137 146 156 157 158 212 222 223 233 241 246 249 252 259 261 262 277 
174 7 11 15 17 28 32 35 37 51 55 60 62 64 69 83 89 104 110 140 141 142 145 148 153 161 165 169 173 177 181 186 188 204 210 229 231 240 255 257 269 276 
175 42 70 107 126 171 191 270 
177 5 45 72 127 138 167 196 205 221 225 267 
181 13 27 80 91 97 106 113 114 122 143 147 201 214 228 244 251 254 268 278 281 
182 5 45 72 127 138 167 196 205 221 225 267 
183 164 195 271 
185 13 27 80 91 97 106 113 114 122 143 147 201 214 228 244 251 254 268 278 281 
186 9 19 22 23 40 41 56 79 95 101 103 111 120 124 129 136 160 162 170 176 179 182 198 216 232 239 253 
187 7 11 15 17 28 32 35 37 51 55 60 62 64 69 83 89 104 110 140 141 142 145 148 153 161 165 169 173 177 181 186 188 204 210 229 231 240 255 257 269 276 
188 8 29 50 58 98 116 119 134 139 151 163 178 180 192 193 209 211 213 235 250 258 282 
189 42 70 107 126 171 191 270 
191 2 4 10 14 61 84 149 150 168 184 187 199 200 202 218 219 220 226 227 245 248 265 272 
192 2 4 10 14 61 84 149 150 168 184 187 199 200 202 218 219 220 226 227 245 248 265 272 
193 7 11 15 17 28 32 35 37 51 55 60 62 64 69 83 89 104 110 140 141 142 145 148 153 161 165 169 173 177 181 186 188 204 210 229 231 240 255 257 269 276 
194 16 18 20 25 26 33 47 59 65 68 74 90 93 112 115 123 128 130 152 154 166 172 189 194 197 207 224 236 237 238 266 280 
195 8 29 50 58 98 116 119 134 139 151 163 178 180 192 193 209 211 213 235 250 258 282 
196 8 29 50 58 98 116 119 134 139 151 163 178 180 192 193 209 211 213 235 250 258 282 
198 5 45 72 127 138 167 196 205 221 225 267 
199 9 19 22 23 40 41 56 79 95 101 103 111 120 124 129 136 160 162 170 176 179 182 198 216 232 239 253 
200 9 19 22 23 40 41 56 79 95 101 103 111 120 124 129 136 160 162 170 176 179 182 198 216 232 239 253 
201 16 18 20 25 26 33 47 59 65 68 74 90 93 112 115 123 128 130 152 154 166 172 189 194 197 207 224 236 237 238 266 280 
202 16 18 20 25 26 33 47 59 65 68 74 90 93 112 115 123 128 130 152 154 166 172 189 194 197 207 224 236 237 238 266 280 
203 13 27 80 91 97 106 113 114 122 143 147 201 214 228 244 251 254 268 278 281 
204 7 11 15 17 28 32 35 37 51 55 60 62 64 69 83 89 104 110 140 141 142 145 148 153 161 165 169 173 177 181 186 188 204 210 229 231 240 255 257 269 276 
206 2 4 10 14 61 84 149 150 168 184 187 199 200 202 218 219 220 226 227 245 248 265 272 
207 2 4 10 14 61 84 149 150 168 184 187 199 200 202 218 219 220 226 227 245 248 265 272 
209 5 45 72 127 138 167 196 205 221 225 267 
210 13 27 80 91 97 106 113 114 122 143 147 201 214 228 244 251 254 268 278 281 
212 7 11 15 17 28 32 35 37 51 55 60 62 64 69 83 89 104 110 140 141 142 145 148 153 161 165 169 173 177 181 186 188 204 210 229 231 240 255 257 269 276 
213 13 27 80 91 97 106 113 114 122 143 147 201 214 228 244 251 254 268 278 281 
214 2 4 10 14 61 84 149 150 168 184 187 199 200 202 218 219 220 226 227 245 248 265 272 
215 0 1 3 12 24 36 38 46 48 52 54 63 66 71 73 75 76 78 81 82 85 88 94 96 100 109 117 121 131 132 133 137 146 156 157 158 212 222 223 233 241 246 249 252 259 261 262 277 
216 16 18 20 25 26 33 47 59 65 68 74 90 93 112 115 123 128 130 152 154 166 172 189 194 197 207 224 236 237 238 266 280 
217 2 4 10 14 61 84 149 150 168 184 187 199 200 202 218 219 220 226 227 245 248 265 272 
218 8 29 50 58 98 116 119 134 139 151 163 178 180 192 193 209 211 213 235 250 258 282 
219 13 27 80 91 97 106 113 114 122 143 147 201 214 228 244 251 254 268 278 281 
220 8 29 50 58 98 116 119 134 139 151 163 178 180 192 193 209 211 213 235 250 258 282 
221 7 11 15 17 28 32 35 37 51 55 60 62 64 69 83 89 104 110 140 141 142 145 148 153 161 165 169 173 177 181 186 188 204 210 229 231 240 255 257 269 276 
222 7 11 15 17 28 32 35 37 51 55 60 62 64 69 83 89 104 110 140 141 142 145 148 153 161 165 169 173 177 181 186 188 204 210 229 231 240 255 257 269 276 
223 5 45 72 127 138 167 196 205 221 225 267 
224 2 4 10 14 61 84 149 150 168 184 187 199 200 202 218 219 220 226 227 245 248 265 272 
225 16 18 20 25 26 33 47 59 65 68 74 90 93 112 115 123 128 130 152 154 166 172 189 194 197 207 224 236 237 238 266 280 
226 7 11 15 17 28 32 35 37 51 55 60 62 64 69 83 89 104 110 140 141 142 145 148 153 161 165 169 173 177 181 186 188 204 210 229 231 240 255 257 269 276 
227 8 29 50 58 98 116 119 134 139 151 163 178 180 192 193 209 211 213 235 250 258 282 
228 8 29 50 58 98 116 119 134 139 151 163 178 180 192 193 209 211 213 235 250 258 282 
229 16 18 20 25 26 33 47 59 65 68 74 90 93 112 115 123 128 130 152 154 166 172 189 194 197 207 224 236 237 238 266 280 
230 5 45 72 127 138 167 196 205 221 225 267 
231 8 29 50 58 98 116 119 134 139 151 163 178 180 192 193 209 211 213 235 250 258 282 
232 42 70 107 126 171 191 270 
234 7 11 15 17 28 32 35 37 51 55 60 62 64 69 83 89 104 110 140 141 142 145 148 153 161 165 169 173 177 181 186 188 204 210 229 231 240 255 257 269 276 
235 9 19 22 23 40 41 56 79 95 101 103 111 120 124 129 136 160 162 170 176 179 182 198 216 232 239 253 
236 8 29 50 58 98 116 119 134 139 151 163 178 180 192 193 209 211 213 235 250 258 282 
237 16 18 20 25 26 33 47 59 65 68 74 90 93 112 115 123 128 130 152 154 166 172 189 194 197 207 224 236 237 238 266 280 
238 5 45 72 127 138 167 196 205 221 225 267 
239 2 4 10 14 61 84 149 150 168 184 187 199 200 202 218 219 220 226 227 245 248 265 272 
240 13 27 80 91 97 106 113 114 122 143 147 201 214 228 244 251 254 268 278 281 
241 164 195 271 
242 16 18 20 25 26 33 47 59 65 68 74 90 93 112 115 123 128 130 152 154 166 172 189 194 197 207 224 236 237 238 266 280 
243 8 29 50 58 98 116 119 134 139 151 163 178 180 192 193 209 211 213 235 250 258 282 
244 9 19 22 23 40 41 56 79 95 101 103 111 120 124 129 136 160 162 170 176 179 182 198 216 232 239 253 
245 2 4 10 14 61 84 149 150 168 184 187 199 200 202 218 219 220 226 227 245 248 265 272 
246 13 27 80 91 97 106 113 114 122 143 147 201 214 228 244 251 254 268 278 281 
247 5 45 72 127 138 167 196 205 221 225 267 
248 13 27 80 91 97 106 113 114 122 143 147 201 214 228 244 251 254 268 278 281 
249 8 29 50 58 98 116 119 134 139 151 163 178 180 192 193 209 211 213 235 250 258 282 
250 7 11 15 17 28 32 35 37 51 55 60 62 64 69 83 89 104 110 140 141 142 145 148 153 161 165 169 173 177 181 186 188 204 210 229 231 240 255 257 269 276 
251 5 45 72 127 138 167 196 205 221 225 267 
253 2 4 10 14 61 84 149 150 168 184 187 199 200 202 218 219 220 226 227 245 248 265 272 
254 8 29 50 58 98 116 119 134 139 151 163 178 180 192 193 209 211 213 235 250 258 282 
255 6 49 174 273 
256 0 1 3 12 24 36 38 46 48 52 54 63 66 71 73 75 76 78 81 82 85 88 94 96 100 109 117 121 131 132 133 137 146 156 157 158 212 222 223 233 241 246 249 252 259 261 262 277 
257 9 19 22 23 40 41 56 79 95 101 103 111 120 124 129 136 160 162 170 176 179 182 198 216 232 239 253 
258 0 1 3 12 24 36 38 46 48 52 54 63 66 71 73 75 76 78 81 82 85 88 94 96 100 109 117 121 131 132 133 137 146 156 157 158 212 222 223 233 241 246 249 252 259 261 262 277 
259 8 29 50 58 98 116 119 134 139 151 163 178 180 192 193 209 211 213 235 250 258 282 
260 21 30 31 39 43 53 57 67 77 86 87 92 99 102 105 108 118 125 135 144 155 159 175 183 185 190 203 206 208 215 217 230 234 242 243 247 256 260 263 264 274 275 279 
262 6 49 174 273 
263 9 19 22 23 40 41 56 79 95 101 103 111 120 124 129 136 160 162 170 176 179 182 198 216 232 239 253 
264 8 29 50 58 98 116 119 134 139 151 163 178 180 192 193 209 211 213 235 250 258 282 
265 2 4 10 14 61 84 149 150 168 184 187 199 200 202 218 219 220 226 227 245 248 265 272 
266 0 1 3 12 24 36 38 46 48 52 54 63 66 71 73 75 76 78 81 82 85 88 94 96 100 109 117 121 131 132 133 137 146 156 157 158 212 222 223 233 241 246 249 252 259 261 262 277 
267 16 18 20 25 26 33 47 59 65 68 74 90 93 112 115 123 128 130 152 154 166 172 189 194 197 207 224 236 237 238 266 280 
268 16 18 20 25 26 33 47 59 65 68 74 90 93 112 115 123 128 130 152 154 166 172 189 194 197 207 224 236 237 238 266 280 
269 16 18 20 25 26 33 47 59 65 68 74 90 93 112 115 123 128 130 152 154 166 172 189 194 197 207 224 236 237 238 266 280 
270 5 45 72 127 138 167 196 205 221 225 267 
271 6 49 174 273 
272 9 19 22 23 40 41 56 79 95 101 103 111 120 124 129 136 160 162 170 176 179 182 198 216 232 239 253 
273 9 19 22 23 40 41 56 79 95 101 103 111 120 124 129 136 160 162 170 176 179 182 198 216 232 239 253 
274 164 195 271 
275 0 1 3 12 24 36 38 46 48 52 54 63 66 71 73 75 76 78 81 82 85 88 94 96 100 109 117 121 131 132 133 137 146 156 157 158 212 222 223 233 241 246 249 252 259 261 262 277 
276 16 18 20 25 26 33 47 59 65 68 74 90 93 112 115 123 128 130 152 154 166 172 189 194 197 207 224 236 237 238 266 280 
277 13 27 80 91 97 106 113 114 122 143 147 201 214 228 244 251 254 268 278 281 
278 2 4 10 14 61 84 149 150 168 184 187 199 200 202 218 219 220 226 227 245 248 265 272 
279 9 19 22 23 40 41 56 79 95 101 103 111 120 124 129 136 160 162 170 176 179 182 198 216 232 239 253 
280 7 11 15 17 28 32 35 37 51 55 60 62 64 69 83 89 104 110 140 141 142 145 148 153 161 165 169 173 177 181 186 188 204 210 229 231 240 255 257 269 276 
281 16 18 20 25 26 33 47 59 65 68 74 90 93 112 115 123 128 130 152 154 166 172 189 194 197 207 224 236 237 238 266 280 
282 9 19 22 23 40 41 56 79 95 101 103 111 120 124 129 136 160 162 170 176 179 182 198 216 232 239 253 
283 7 11 15 17 28 32 35 37 51 55 60 62 64 69 83 89 104 110 140 141 142 145 148 153 161 165 169 173 177 181 186 188 204 210 229 231 240 255 257 269 276 
284 16 18 20 25 26 33 47 59 65 68 74 90 93 112 115 123 128 130 152 154 166 172 189 194 197 207 224 236 237 238 266 280 
286 16 18 20 25 26 33 47 59 65 68 74 90 93 112 115 123 128 130 152 154 166 172 189 194 197 207 224 236 237 238 266 280 
287 0 1 3 12 24 36 38 46 48 52 54 63 66 71 73 75 76 78 81 82 85 88 94 96 100 109 117 121 131 132 133 137 146 156 157 158 212 222 223 233 241 246 249 252 259 261 262 277 
288 42 70 107 126 171 191 270 
289 7 11 15 17 28 32 35 37 51 55 60 62 64 69 83 89 104 110 140 141 142 145 148 153 161 165 169 173 177 181 186 188 204 210 229 231 240 255 257 269 276 
290 2 4 10 14 61 84 149 150 168 184 187 199 200 202 218 219 220 226 227 245 248 265 272 
291 8 29 50 58 98 116 119 134 139 151 163 178 180 192 193 209 211 213 235 250 258 282 
292 13 27 80 91 97 106 113 114 122 143 147 201 214 228 244 251 254 268 278 281 
293 13 27 80 91 97 106 113 114 122 143 147 201 214 228 244 251 254 268 278 281 
294 16 18 20 25 26 33 47 59 65 68 74 90 93 112 115 123 128 130 152 154 166 172 189 194 197 207 224 236 237 238 266 280 
295 13 27 80 91 97 106 113 114 122 143 147 201 214 228 244 251 254 268 278 281 
296 9 19 22 23 40 41 56 79 95 101 103 111 120 124 129 136 160 162 170 176 179 182 198 216 232 239 253 
297 13 27 80 91 97 106 113 114 122 143 147 201 214 228 244 251 254 268 278 281 
298 7 11 15 17 28 32 35 37 51 55 60 62 64 69 83 89 104 110 140 141 142 145 148 153 161 165 169 173 177 181 186 188 204 210 229 231 240 255 257 269 276 
299 16 18 20 25 26 33 47 59 65 68 74 90 93 112 115 123 128 130 152 154 166 172 189 194 197 207 224 236 237 238 266 280 
300 7 11 15 17 28 32 35 37 51 55 60 62 64 69 83 89 104 110 140 141 142 145 148 153 161 165 169 173 177 181 186 188 204 210 229 231 240 255 257 269 276 
301 9 19 22 23 40 41 56 79 95 101 103 111 120 124 129 136 160 162 170 176 179 182 198 216 232 239 253 
302 0 1 3 12 24 36 38 46 48 52 54 63 66 71 73 75 76 78 81 82 85 88 94 96 100 109 117 121 131 132 133 137 146 156 157 158 212 222 223 233 241 246 249 252 259 261 262 277 
303 9 19 22 23 40 41 56 79 95 101 103 111 120 124 129 136 160 162 170 176 179 182 198 216 232 239 253 
304 0 1 3 12 24 36 38 46 48 52 54 63 66 71 73 75 76 78 81 82 85 88 94 96 100 109 117 121 131 132 133 137 146 156 157 158 212 222 223 233 241 246 249 252 259 261 262 277 
305 2 4 10 14 61 84 149 150 168 184 187 199 200 202 218 219 220 226 227 245 248 265 272 
306 9 19 22 23 40 41 56 79 95 101 103 111 120 124 129 136 160 162 170 176 179 182 198 216 232 239 253 
308 42 70 107 126 171 191 270 
309 7 11 15 17 28 32 35 37 51 55 60 62 64 69 83 89 104 110 140 141 142 145 148 153 161 165 169 173 177 181 186 188 204 210 229 231 240 255 257 269 276 
311 8 29 50 58 98 116 119 134 139 151 163 178 180 192 193 209 211 213 235 250 258 282 
312 7 11 15 17 28 32 35 37 51 55 60 62 64 69 83 89 104 110 140 141 142 145 148 153 161 165 169 173 177 181 186 188 204 210 229 231 240 255 257 269 276 
313 42 70 107 126 171 191 270 
314 16 18 20 25 26 33 47 59 65 68 74 90 93 112 115 123 128 130 152 154 166 172 189 194 197 207 224 236 237 238 266 280 
315 7 11 15 17 28 32 35 37 51 55 60 62 64 69 83 89 104 110 140 141 142 145 148 153 161 165 169 173 177 181 186 188 204 210 229 231 240 255 257 269 276 
316 7 11 15 17 28 32 35 37 51 55 60 62 64 69 83 89 104 110 140 141 142 145 148 153 161 165 169 173 177 181 186 188 204 210 229 231 240 255 257 269 276 
317 7 11 15 17 28 32 35 37 51 55 60 62 64 69 83 89 104 110 140 141 142 145 148 153 161 165 169 173 177 181 186 188 204 210 229 231 240 255 257 269 276 
318 0 1 3 12 24 36 38 46 48 52 54 63 66 71 73 75 76 78 81 82 85 88 94 96 100 109 117 121 131 132 133 137 146 156 157 158 212 222 223 233 241 246 249 252 259 261 262 277 
319 16 18 20 25 26 33 47 59 65 68 74 90 93 112 115 123 128 130 152 154 166 172 189 194 197 207 224 236 237 238 266 280 
320 8 29 50 58 98 116 119 134 139 151 163 178 180 192 193 209 211 213 235 250 258 282 
321 0 1 3 12 24 36 38 46 48 52 54 63 66 71 73 75 76 78 81 82 85 88 94 96 100 109 117 121 131 132 133 137 146 156 157 158 212 222 223 233 241 246 249 252 259 261 262 277 
322 9 19 22 23 40 41 56 79 95 101 103 111 120 124 129 136 160 162 170 176 179 182 198 216 232 239 253 
323 16 18 20 25 26 33 47 59 65 68 74 90 93 112 115 123 128 130 152 154 166 172 189 194 197 207 224 236 237 238 266 280 
324 7 11 15 17 28 32 35 37 51 55 60 62 64 69 83 89 104 110 140 141 142 145 148 153 161 165 169 173 177 181 186 188 204 210 229 231 240 255 257 269 276 
325 7 11 15 17 28 32 35 37 51 55 60 62 64 69 83 89 104 110 140 141 142 145 148 153 161 165 169 173 177 181 186 188 204 210 229 231 240 255 257 269 276 
