0 0 
1 3 
2 4 5 
3 7 9 
4 0 9 
5 11 
6 14 15 
8 1 28 
9 12 16 
10 20 
11 2 21 
12 1 22 
15 25 26 
18 16 
19 21 26 
20 0 16 
21 26 29 
22 26 
23 18 26 
25 11 31 
26 32 33 
27 18 
28 30 34 
29 35 36 
30 0 
31 35 37 
32 34 
33 21 38 
34 32 
35 21 39 
36 21 40 
37 42 
39 44 45 
40 47 48 
41 44 
42 50 51 
43 52 
44 54 55 
45 52 57 
47 47 51 
48 60 
49 55 57 
50 59 62 
52 59 65 
56 71 
57 72 
58 50 
59 49 55 
60 52 75 
62 74 
63 52 70 
64 64 
65 51 76 
66 63 71 
67 58 63 
68 59 
69 46 77 
70 71 78 
71 55 69 
72 66 
73 70 79 
74 81 82 
76 46 
77 83 
78 52 85 
79 86 
80 88 89 
81 90 91 
82 78 
83 61 70 
84 88 
85 85 91 
86 93 
87 87 88 
88 60 
89 86 95 
90 96 
91 92 97 
92 92 99 
93 100 101 
94 99 
95 51 
96 94 
97 102 103 
98 104 105 
99 106 97 
100 96 
101 94 
102 86 95 
103 106 
104 79 94 
105 109 110 
107 52 
108 113 
109 114 
110 116 
111 84 94 
112 107 88 
113 119 
114 105 120 
115 84 
116 121 85 
118 105 118 
119 123 
120 124 76 
121 58 
122 125 
123 73 
124 107 127 
125 112 98 
126 112 
127 117 
128 125 
129 121 87 
130 129 
131 130 
132 131 
133 118 121 
134 131 91 
135 91 
136 134 135 
137 136 
138 132 137 
139 132 94 
140 124 139 
141 124 
142 85 
143 138 
144 141 
145 85 
146 105 133 
147 107 
148 135 88 
149 143 94 
150 140 
151 134 
152 145 146 
153 147 
154 84 
155 149 
156 144 
157 84 
158 76 
159 150 151 
160 137 152 
161 124 
162 152 
163 133 154 
164 155 
165 88 94 
166 151 156 
167 156 
168 133 157 
170 134 148 
172 150 161 
173 162 
174 151 163 
175 133 161 
176 121 164 
177 165 
181 135 146 
184 169 174 
185 135 175 
187 137 
188 133 134 
190 133 178 
192 151 181 
194 183 
196 134 176 
198 183 
199 183 185 
200 148 186 
201 188 
202 134 178 
203 137 183 
205 137 148 
206 133 
208 169 192 
209 169 193 
211 178 195 
212 186 
213 134 196 
214 183 197 
216 134 200 
220 137 
221 192 205 
223 133 148 
224 200 207 
226 202 
228 133 137 
229 197 205 
230 209 210 
232 208 
233 133 134 
236 213 214 
237 213 215 
238 213 
241 133 202 
243 192 209 
244 199 208 
245 186 
246 223 224 
247 204 205 
248 150 225 
249 226 
250 192 228 
251 150 175 
253 181 229 
254 209 
255 209 231 
256 192 232 
257 233 234 
258 228 
260 234 238 
261 224 237 
262 227 239 
264 234 
265 222 228 
266 235 237 
267 223 240 
268 235 
270 192 234 
271 223 235 
272 243 244 
275 246 
277 234 235 
278 234 238 
280 234 242 
281 250 
282 238 251 
283 238 250 
285 234 251 
286 222 
287 249 253 
288 242 254 
289 242 244 
290 255 
292 253 258 
293 232 259 
295 232 261 
296 207 
298 242 254 
299 242 264 
301 175 242 
302 261 
303 254 265 
304 186 234 
305 234 253 
307 234 
308 238 267 
309 234 268 
311 268 269 
312 270 
314 186 209 
315 261 274 
318 186 277 
319 222 
322 209 259 
323 256 281 
324 253 282 
325 253 
