1 5 
2 0 35 
4 2 
5 16 2 
6 7 
8 5 6 
10 14 6 
11 32 
12 5 
13 5 
14 6 
15 32 
20 10 
23 13 
24 14 
27 19 
30 34 
32 34 
33 29 
36 29 
37 38 
44 41 
46 76 
47 40 
49 41 
50 50 53 58 
51 95 
52 107 
55 62 
56 45 
57 56 
58 121 
59 68 
61 86 
63 67 
64 64 
65 53 
66 72 
70 56 83 
71 70 
73 123 
74 58 
75 58 
76 132 157 158 
77 69 
79 94 
80 73 
83 77 
84 157 
85 86 
86 89 
89 80 
91 135 
92 92 
93 86 
96 100 
98 119 
99 94 
101 93 
102 96 
107 147 
108 103 
112 126 
114 109 
116 110 
117 127 
119 113 
120 114 
121 121 
123 119 
125 128 
129 130 
130 131 
132 132 
133 157 
136 137
147 153
157 102
158 201
159 139
160 128
162 243
163 197
167 132
168 176
169 195
170 206
176 116
177 233
179 184
180 193
181 278
186 205
187 140
190 105
191 136
192 292
205 191
206 190
207 182
210 161
212 172
213 275
219 156
220 255
221 299
223 253
225 214
226 137
227 213
228 299
234 201
235 178
236 201
241 238
243 187
244 266
246 299
247 174
248 135
254 156
256 205
259 215
260 123
264 141
269 148
270 292
271 279
272 183
275 220
276 126
282 324
