0 2 3 7 13 23 39 51 61 64 66 75 81 93 96 129 142 159 166 173 198 203 209 215 224 225 249 253 260 266 279 282 289 292 
1 88 92 152 153 156 190 232 295 316 319 323 
2 4 53 63 102 122 137 157 246 254 
4 5 6 15 16 18 21 26 27 28 35 37 45 48 50 52 55 56 57 59 62 65 73 79 82 98 101 111 112 118 120 130 131 133 138 154 161 162 188 189 194 195 201 216 221 223 227 257 262 268 274 275 276 278 281 285 291 293 296 300 306 
5 176 178 179 180 181 182 183 184 
6 5 6 15 16 18 21 26 27 28 35 37 45 48 50 52 55 56 57 59 62 65 73 79 82 98 101 111 112 118 120 130 131 133 138 154 161 162 188 189 194 195 201 216 221 223 227 257 262 268 274 275 276 278 281 285 291 293 296 300 306 
8 5 6 15 16 18 21 26 27 28 35 37 45 48 50 52 55 56 57 59 62 65 73 79 82 98 101 111 112 118 120 130 131 133 138 154 161 162 188 189 194 195 201 216 221 223 227 257 262 268 274 275 276 278 281 285 291 293 296 300 306 
9 2 3 7 13 23 39 51 61 64 66 75 81 93 96 129 142 159 166 173 198 203 209 215 224 225 249 253 260 266 279 282 289 292 
10 24 32 44 67 80 100 114 134 144 150 172 186 193 208 211 213 233 280 314 320 
11 5 6 15 16 18 21 26 27 28 35 37 45 48 50 52 55 56 57 59 62 65 73 79 82 98 101 111 112 118 120 130 131 133 138 154 161 162 188 189 194 195 201 216 221 223 227 257 262 268 274 275 276 278 281 285 291 293 296 300 306 
12 5 6 15 16 18 21 26 27 28 35 37 45 48 50 52 55 56 57 59 62 65 73 79 82 98 101 111 112 118 120 130 131 133 138 154 161 162 188 189 194 195 201 216 221 223 227 257 262 268 274 275 276 278 281 285 291 293 296 300 306 
13 2 3 7 13 23 39 51 61 64 66 75 81 93 96 129 142 159 166 173 198 203 209 215 224 225 249 253 260 266 279 282 289 292 
14 5 6 15 16 18 21 26 27 28 35 37 45 48 50 52 55 56 57 59 62 65 73 79 82 98 101 111 112 118 120 130 131 133 138 154 161 162 188 189 194 195 201 216 221 223 227 257 262 268 274 275 276 278 281 285 291 293 296 300 306 
15 17 19 49 70 116 155 164 165 197 206 230 244 301 315 321 
16 17 19 49 70 116 155 164 165 197 206 230 244 301 315 321 
17 5 6 15 16 18 21 26 27 28 35 37 45 48 50 52 55 56 57 59 62 65 73 79 82 98 101 111 112 118 120 130 131 133 138 154 161 162 188 189 194 195 201 216 221 223 227 257 262 268 274 275 276 278 281 285 291 293 296 300 306 
18 43 68 84 87 148 151 174 185 212 219 231 251 267 269 318 
19 5 6 15 16 18 21 26 27 28 35 37 45 48 50 52 55 56 57 59 62 65 73 79 82 98 101 111 112 118 120 130 131 133 138 154 161 162 188 189 194 195 201 216 221 223 227 257 262 268 274 275 276 278 281 285 291 293 296 300 306 
20 5 6 15 16 18 21 26 27 28 35 37 45 48 50 52 55 56 57 59 62 65 73 79 82 98 101 111 112 118 120 130 131 133 138 154 161 162 188 189 194 195 201 216 221 223 227 257 262 268 274 275 276 278 281 285 291 293 296 300 306 
21 117 136 168 290 
22 17 19 49 70 116 155 164 165 197 206 230 244 301 315 321 
23 88 92 152 153 156 190 232 295 316 319 323 
24 2 3 7 13 23 39 51 61 64 66 75 81 93 96 129 142 159 166 173 198 203 209 215 224 225 249 253 260 266 279 282 289 292 
25 8 
26 17 19 49 70 116 155 164 165 197 206 230 244 301 315 321 
27 71 94 140 149 167 214 217 265 297 
28 5 6 15 16 18 21 26 27 28 35 37 45 48 50 52 55 56 57 59 62 65 73 79 82 98 101 111 112 118 120 130 131 133 138 154 161 162 188 189 194 195 201 216 221 223 227 257 262 268 274 275 276 278 281 285 291 293 296 300 306 
29 5 6 15 16 18 21 26 27 28 35 37 45 48 50 52 55 56 57 59 62 65 73 79 82 98 101 111 112 118 120 130 131 133 138 154 161 162 188 189 194 195 201 216 221 223 227 257 262 268 274 275 276 278 281 285 291 293 296 300 306 
30 5 6 15 16 18 21 26 27 28 35 37 45 48 50 52 55 56 57 59 62 65 73 79 82 98 101 111 112 118 120 130 131 133 138 154 161 162 188 189 194 195 201 216 221 223 227 257 262 268 274 275 276 278 281 285 291 293 296 300 306 
31 24 32 44 67 80 100 114 134 144 150 172 186 193 208 211 213 233 280 314 320 
32 88 92 152 153 156 190 232 295 316 319 323 
33 24 32 44 67 80 100 114 134 144 150 172 186 193 208 211 213 233 280 314 320 
35 88 92 152 153 156 190 232 295 316 319 323 
36 2 3 7 13 23 39 51 61 64 66 75 81 93 96 129 142 159 166 173 198 203 209 215 224 225 249 253 260 266 279 282 289 292 
37 2 3 7 13 23 39 51 61 64 66 75 81 93 96 129 142 159 166 173 198 203 209 215 224 225 249 253 260 266 279 282 289 292 
38 2 3 7 13 23 39 51 61 64 66 75 81 93 96 129 142 159 166 173 198 203 209 215 224 225 249 253 260 266 279 282 289 292 
39 88 92 152 153 156 190 232 295 316 319 323 
40 0 31 36 
41 5 6 15 16 18 21 26 27 28 35 37 45 48 50 52 55 56 57 59 62 65 73 79 82 98 101 111 112 118 120 130 131 133 138 154 161 162 188 189 194 195 201 216 221 223 227 257 262 268 274 275 276 278 281 285 291 293 296 300 306 
42 34 76 124 170 
43 43 68 84 87 148 151 174 185 212 219 231 251 267 269 318 
44 24 32 44 67 80 100 114 134 144 150 172 186 193 208 211 213 233 280 314 320 
46 2 3 7 13 23 39 51 61 64 66 75 81 93 96 129 142 159 166 173 198 203 209 215 224 225 249 253 260 266 279 282 289 292 
47 43 68 84 87 148 151 174 185 212 219 231 251 267 269 318 
48 88 92 152 153 156 190 232 295 316 319 323 
49 5 6 15 16 18 21 26 27 28 35 37 45 48 50 52 55 56 57 59 62 65 73 79 82 98 101 111 112 118 120 130 131 133 138 154 161 162 188 189 194 195 201 216 221 223 227 257 262 268 274 275 276 278 281 285 291 293 296 300 306 
50 88 92 152 153 156 190 232 295 316 319 323 
51 17 19 49 70 116 155 164 165 197 206 230 244 301 315 321 
53 43 68 84 87 148 151 174 185 212 219 231 251 267 269 318 
54 117 136 168 290 
55 24 32 44 67 80 100 114 134 144 150 172 186 193 208 211 213 233 280 314 320 
56 5 6 15 16 18 21 26 27 28 35 37 45 48 50 52 55 56 57 59 62 65 73 79 82 98 101 111 112 118 120 130 131 133 138 154 161 162 188 189 194 195 201 216 221 223 227 257 262 268 274 275 276 278 281 285 291 293 296 300 306 
57 5 6 15 16 18 21 26 27 28 35 37 45 48 50 52 55 56 57 59 62 65 73 79 82 98 101 111 112 118 120 130 131 133 138 154 161 162 188 189 194 195 201 216 221 223 227 257 262 268 274 275 276 278 281 285 291 293 296 300 306 
58 5 6 15 16 18 21 26 27 28 35 37 45 48 50 52 55 56 57 59 62 65 73 79 82 98 101 111 112 118 120 130 131 133 138 154 161 162 188 189 194 195 201 216 221 223 227 257 262 268 274 275 276 278 281 285 291 293 296 300 306 
59 38 77 125 146 200 242 248 259 
60 2 3 7 13 23 39 51 61 64 66 75 81 93 96 129 142 159 166 173 198 203 209 215 224 225 249 253 260 266 279 282 289 292 
61 5 6 15 16 18 21 26 27 28 35 37 45 48 50 52 55 56 57 59 62 65 73 79 82 98 101 111 112 118 120 130 131 133 138 154 161 162 188 189 194 195 201 216 221 223 227 257 262 268 274 275 276 278 281 285 291 293 296 300 306 
62 5 6 15 16 18 21 26 27 28 35 37 45 48 50 52 55 56 57 59 62 65 73 79 82 98 101 111 112 118 120 130 131 133 138 154 161 162 188 189 194 195 201 216 221 223 227 257 262 268 274 275 276 278 281 285 291 293 296 300 306 
63 24 32 44 67 80 100 114 134 144 150 172 186 193 208 211 213 233 280 314 320 
64 210 226 234 
65 88 92 152 153 156 190 232 295 316 319 323 
67 5 6 15 16 18 21 26 27 28 35 37 45 48 50 52 55 56 57 59 62 65 73 79 82 98 101 111 112 118 120 130 131 133 138 154 161 162 188 189 194 195 201 216 221 223 227 257 262 268 274 275 276 278 281 285 291 293 296 300 306 
68 123 127 143 147 158 202 228 256 258 277 283 286 294 302 305 307 
69 88 92 152 153 156 190 232 295 316 319 323 
70 24 32 44 67 80 100 114 134 144 150 172 186 193 208 211 213 233 280 314 320 
71 24 32 44 67 80 100 114 134 144 150 172 186 193 208 211 213 233 280 314 320 
72 17 19 49 70 116 155 164 165 197 206 230 244 301 315 321 
73 24 32 44 67 80 100 114 134 144 150 172 186 193 208 211 213 233 280 314 320 
74 24 32 44 67 80 100 114 134 144 150 172 186 193 208 211 213 233 280 314 320 
75 5 6 15 16 18 21 26 27 28 35 37 45 48 50 52 55 56 57 59 62 65 73 79 82 98 101 111 112 118 120 130 131 133 138 154 161 162 188 189 194 195 201 216 221 223 227 257 262 268 274 275 276 278 281 285 291 293 296 300 306 
76 17 19 49 70 116 155 164 165 197 206 230 244 301 315 321 
77 24 32 44 67 80 100 114 134 144 150 172 186 193 208 211 213 233 280 314 320 
79 5 6 15 16 18 21 26 27 28 35 37 45 48 50 52 55 56 57 59 62 65 73 79 82 98 101 111 112 118 120 130 131 133 138 154 161 162 188 189 194 195 201 216 221 223 227 257 262 268 274 275 276 278 281 285 291 293 296 300 306 
80 5 6 15 16 18 21 26 27 28 35 37 45 48 50 52 55 56 57 59 62 65 73 79 82 98 101 111 112 118 120 130 131 133 138 154 161 162 188 189 194 195 201 216 221 223 227 257 262 268 274 275 276 278 281 285 291 293 296 300 306 
81 5 6 15 16 18 21 26 27 28 35 37 45 48 50 52 55 56 57 59 62 65 73 79 82 98 101 111 112 118 120 130 131 133 138 154 161 162 188 189 194 195 201 216 221 223 227 257 262 268 274 275 276 278 281 285 291 293 296 300 306 
82 2 3 7 13 23 39 51 61 64 66 75 81 93 96 129 142 159 166 173 198 203 209 215 224 225 249 253 260 266 279 282 289 292 
83 2 3 7 13 23 39 51 61 64 66 75 81 93 96 129 142 159 166 173 198 203 209 215 224 225 249 253 260 266 279 282 289 292 
84 5 6 15 16 18 21 26 27 28 35 37 45 48 50 52 55 56 57 59 62 65 73 79 82 98 101 111 112 118 120 130 131 133 138 154 161 162 188 189 194 195 201 216 221 223 227 257 262 268 274 275 276 278 281 285 291 293 296 300 306 
86 24 32 44 67 80 100 114 134 144 150 172 186 193 208 211 213 233 280 314 320 
87 89 218 284 299 303 324 
88 71 94 140 149 167 214 217 265 297 
89 5 6 15 16 18 21 26 27 28 35 37 45 48 50 52 55 56 57 59 62 65 73 79 82 98 101 111 112 118 120 130 131 133 138 154 161 162 188 189 194 195 201 216 221 223 227 257 262 268 274 275 276 278 281 285 291 293 296 300 306 
90 5 6 15 16 18 21 26 27 28 35 37 45 48 50 52 55 56 57 59 62 65 73 79 82 98 101 111 112 118 120 130 131 133 138 154 161 162 188 189 194 195 201 216 221 223 227 257 262 268 274 275 276 278 281 285 291 293 296 300 306 
91 24 32 44 67 80 100 114 134 144 150 172 186 193 208 211 213 233 280 314 320 
92 24 32 44 67 80 100 114 134 144 150 172 186 193 208 211 213 233 280 314 320 
93 43 68 84 87 148 151 174 185 212 219 231 251 267 269 318 
94 88 92 152 153 156 190 232 295 316 319 323 
95 2 3 7 13 23 39 51 61 64 66 75 81 93 96 129 142 159 166 173 198 203 209 215 224 225 249 253 260 266 279 282 289 292 
96 24 32 44 67 80 100 114 134 144 150 172 186 193 208 211 213 233 280 314 320 
98 38 77 125 146 200 242 248 259 
99 5 6 15 16 18 21 26 27 28 35 37 45 48 50 52 55 56 57 59 62 65 73 79 82 98 101 111 112 118 120 130 131 133 138 154 161 162 188 189 194 195 201 216 221 223 227 257 262 268 274 275 276 278 281 285 291 293 296 300 306 
100 71 94 140 149 167 214 217 265 297 
102 17 19 49 70 116 155 164 165 197 206 230 244 301 315 321 
103 117 136 168 290 
104 88 92 152 153 156 190 232 295 316 319 323 
105 24 32 44 67 80 100 114 134 144 150 172 186 193 208 211 213 233 280 314 320 
106 5 6 15 16 18 21 26 27 28 35 37 45 48 50 52 55 56 57 59 62 65 73 79 82 98 101 111 112 118 120 130 131 133 138 154 161 162 188 189 194 195 201 216 221 223 227 257 262 268 274 275 276 278 281 285 291 293 296 300 306 
107 2 3 7 13 23 39 51 61 64 66 75 81 93 96 129 142 159 166 173 198 203 209 215 224 225 249 253 260 266 279 282 289 292 
108 24 32 44 67 80 100 114 134 144 150 172 186 193 208 211 213 233 280 314 320 
109 105 108 109 
110 105 108 109 
111 105 108 109 
112 17 19 49 70 116 155 164 165 197 206 230 244 301 315 321 
113 105 108 109 
114 105 108 109 
115 2 3 7 13 23 39 51 61 64 66 75 81 93 96 129 142 159 166 173 198 203 209 215 224 225 249 253 260 266 279 282 289 292 
118 17 19 49 70 116 155 164 165 197 206 230 244 301 315 321 
119 2 3 7 13 23 39 51 61 64 66 75 81 93 96 129 142 159 166 173 198 203 209 215 224 225 249 253 260 266 279 282 289 292 
120 5 6 15 16 18 21 26 27 28 35 37 45 48 50 52 55 56 57 59 62 65 73 79 82 98 101 111 112 118 120 130 131 133 138 154 161 162 188 189 194 195 201 216 221 223 227 257 262 268 274 275 276 278 281 285 291 293 296 300 306 
121 17 19 49 70 116 155 164 165 197 206 230 244 301 315 321 
122 5 6 15 16 18 21 26 27 28 35 37 45 48 50 52 55 56 57 59 62 65 73 79 82 98 101 111 112 118 120 130 131 133 138 154 161 162 188 189 194 195 201 216 221 223 227 257 262 268 274 275 276 278 281 285 291 293 296 300 306 
123 2 3 7 13 23 39 51 61 64 66 75 81 93 96 129 142 159 166 173 198 203 209 215 224 225 249 253 260 266 279 282 289 292 
124 5 6 15 16 18 21 26 27 28 35 37 45 48 50 52 55 56 57 59 62 65 73 79 82 98 101 111 112 118 120 130 131 133 138 154 161 162 188 189 194 195 201 216 221 223 227 257 262 268 274 275 276 278 281 285 291 293 296 300 306 
125 2 3 7 13 23 39 51 61 64 66 75 81 93 96 129 142 159 166 173 198 203 209 215 224 225 249 253 260 266 279 282 289 292 
126 38 77 125 146 200 242 248 259 
127 5 6 15 16 18 21 26 27 28 35 37 45 48 50 52 55 56 57 59 62 65 73 79 82 98 101 111 112 118 120 130 131 133 138 154 161 162 188 189 194 195 201 216 221 223 227 257 262 268 274 275 276 278 281 285 291 293 296 300 306 
128 117 136 168 290 
129 5 6 15 16 18 21 26 27 28 35 37 45 48 50 52 55 56 57 59 62 65 73 79 82 98 101 111 112 118 120 130 131 133 138 154 161 162 188 189 194 195 201 216 221 223 227 257 262 268 274 275 276 278 281 285 291 293 296 300 306 
130 43 68 84 87 148 151 174 185 212 219 231 251 267 269 318 
131 123 127 143 147 158 202 228 256 258 277 283 286 294 302 305 307 
132 2 3 7 13 23 39 51 61 64 66 75 81 93 96 129 142 159 166 173 198 203 209 215 224 225 249 253 260 266 279 282 289 292 
133 5 6 15 16 18 21 26 27 28 35 37 45 48 50 52 55 56 57 59 62 65 73 79 82 98 101 111 112 118 120 130 131 133 138 154 161 162 188 189 194 195 201 216 221 223 227 257 262 268 274 275 276 278 281 285 291 293 296 300 306 
134 17 19 49 70 116 155 164 165 197 206 230 244 301 315 321 
135 41 83 86 91 247 
136 5 6 15 16 18 21 26 27 28 35 37 45 48 50 52 55 56 57 59 62 65 73 79 82 98 101 111 112 118 120 130 131 133 138 154 161 162 188 189 194 195 201 216 221 223 227 257 262 268 274 275 276 278 281 285 291 293 296 300 306 
137 2 3 7 13 23 39 51 61 64 66 75 81 93 96 129 142 159 166 173 198 203 209 215 224 225 249 253 260 266 279 282 289 292 
138 71 94 140 149 167 214 217 265 297 
139 117 136 168 290 
141 2 3 7 13 23 39 51 61 64 66 75 81 93 96 129 142 159 166 173 198 203 209 215 224 225 249 253 260 266 279 282 289 292 
142 71 94 140 149 167 214 217 265 297 
143 17 19 49 70 116 155 164 165 197 206 230 244 301 315 321 
144 2 3 7 13 23 39 51 61 64 66 75 81 93 96 129 142 159 166 173 198 203 209 215 224 225 249 253 260 266 279 282 289 292 
145 72 85 204 235 270 271 
146 88 92 152 153 156 190 232 295 316 319 323 
147 88 92 152 153 156 190 232 295 316 319 323 
148 38 77 125 146 200 242 248 259 
149 210 226 234 
151 22 135 192 245 298 317 
152 17 19 49 70 116 155 164 165 197 206 230 244 301 315 321 
154 117 136 168 290 
155 17 19 49 70 116 155 164 165 197 206 230 244 301 315 321 
156 43 68 84 87 148 151 174 185 212 219 231 251 267 269 318 
157 71 94 140 149 167 214 217 265 297 
158 17 19 49 70 116 155 164 165 197 206 230 244 301 315 321 
159 24 32 44 67 80 100 114 134 144 150 172 186 193 208 211 213 233 280 314 320 
161 5 6 15 16 18 21 26 27 28 35 37 45 48 50 52 55 56 57 59 62 65 73 79 82 98 101 111 112 118 120 130 131 133 138 154 161 162 188 189 194 195 201 216 221 223 227 257 262 268 274 275 276 278 281 285 291 293 296 300 306 
162 88 92 152 153 156 190 232 295 316 319 323 
163 5 6 15 16 18 21 26 27 28 35 37 45 48 50 52 55 56 57 59 62 65 73 79 82 98 101 111 112 118 120 130 131 133 138 154 161 162 188 189 194 195 201 216 221 223 227 257 262 268 274 275 276 278 281 285 291 293 296 300 306 
164 176 178 179 180 181 182 183 184 
165 176 178 179 180 181 182 183 184 
166 176 178 179 180 181 182 183 184 
167 176 178 179 180 181 182 183 184 
168 176 178 179 180 181 182 183 184 
169 24 32 44 67 80 100 114 134 144 150 172 186 193 208 211 213 233 280 314 320 
170 176 178 179 180 181 182 183 184 
171 176 178 179 180 181 182 183 184 
172 17 19 49 70 116 155 164 165 197 206 230 244 301 315 321 
173 176 178 179 180 181 182 183 184 
174 176 178 179 180 181 182 183 184 
175 24 32 44 67 80 100 114 134 144 150 172 186 193 208 211 213 233 280 314 320 
176 17 19 49 70 116 155 164 165 197 206 230 244 301 315 321 
177 24 32 44 67 80 100 114 134 144 150 172 186 193 208 211 213 233 280 314 320 
178 5 6 15 16 18 21 26 27 28 35 37 45 48 50 52 55 56 57 59 62 65 73 79 82 98 101 111 112 118 120 130 131 133 138 154 161 162 188 189 194 195 201 216 221 223 227 257 262 268 274 275 276 278 281 285 291 293 296 300 306 
179 88 92 152 153 156 190 232 295 316 319 323 
180 71 94 140 149 167 214 217 265 297 
181 43 68 84 87 148 151 174 185 212 219 231 251 267 269 318 
182 5 6 15 16 18 21 26 27 28 35 37 45 48 50 52 55 56 57 59 62 65 73 79 82 98 101 111 112 118 120 130 131 133 138 154 161 162 188 189 194 195 201 216 221 223 227 257 262 268 274 275 276 278 281 285 291 293 296 300 306 
183 71 94 140 149 167 214 217 265 297 
184 24 32 44 67 80 100 114 134 144 150 172 186 193 208 211 213 233 280 314 320 
185 2 3 7 13 23 39 51 61 64 66 75 81 93 96 129 142 159 166 173 198 203 209 215 224 225 249 253 260 266 279 282 289 292 
186 24 32 44 67 80 100 114 134 144 150 172 186 193 208 211 213 233 280 314 320 
187 22 135 192 245 298 317 
188 24 32 44 67 80 100 114 134 144 150 172 186 193 208 211 213 233 280 314 320 
189 34 76 124 170 
190 71 94 140 149 167 214 217 265 297 
191 71 94 140 149 167 214 217 265 297 
192 128 287 
193 5 6 15 16 18 21 26 27 28 35 37 45 48 50 52 55 56 57 59 62 65 73 79 82 98 101 111 112 118 120 130 131 133 138 154 161 162 188 189 194 195 201 216 221 223 227 257 262 268 274 275 276 278 281 285 291 293 296 300 306 
194 24 32 44 67 80 100 114 134 144 150 172 186 193 208 211 213 233 280 314 320 
196 141 
197 71 94 140 149 167 214 217 265 297 
198 128 287 
199 2 3 7 13 23 39 51 61 64 66 75 81 93 96 129 142 159 166 173 198 203 209 215 224 225 249 253 260 266 279 282 289 292 
200 5 6 15 16 18 21 26 27 28 35 37 45 48 50 52 55 56 57 59 62 65 73 79 82 98 101 111 112 118 120 130 131 133 138 154 161 162 188 189 194 195 201 216 221 223 227 257 262 268 274 275 276 278 281 285 291 293 296 300 306 
201 17 19 49 70 116 155 164 165 197 206 230 244 301 315 321 
202 17 19 49 70 116 155 164 165 197 206 230 244 301 315 321 
203 5 6 15 16 18 21 26 27 28 35 37 45 48 50 52 55 56 57 59 62 65 73 79 82 98 101 111 112 118 120 130 131 133 138 154 161 162 188 189 194 195 201 216 221 223 227 257 262 268 274 275 276 278 281 285 291 293 296 300 306 
204 43 68 84 87 148 151 174 185 212 219 231 251 267 269 318 
205 5 6 15 16 18 21 26 27 28 35 37 45 48 50 52 55 56 57 59 62 65 73 79 82 98 101 111 112 118 120 130 131 133 138 154 161 162 188 189 194 195 201 216 221 223 227 257 262 268 274 275 276 278 281 285 291 293 296 300 306 
206 89 218 284 299 303 324 
207 5 6 15 16 18 21 26 27 28 35 37 45 48 50 52 55 56 57 59 62 65 73 79 82 98 101 111 112 118 120 130 131 133 138 154 161 162 188 189 194 195 201 216 221 223 227 257 262 268 274 275 276 278 281 285 291 293 296 300 306 
208 24 32 44 67 80 100 114 134 144 150 172 186 193 208 211 213 233 280 314 320 
210 123 127 143 147 158 202 228 256 258 277 283 286 294 302 305 307 
211 88 92 152 153 156 190 232 295 316 319 323 
213 236 239 240 
214 237 
215 24 32 44 67 80 100 114 134 144 150 172 186 193 208 211 213 233 280 314 320 
216 5 6 15 16 18 21 26 27 28 35 37 45 48 50 52 55 56 57 59 62 65 73 79 82 98 101 111 112 118 120 130 131 133 138 154 161 162 188 189 194 195 201 216 221 223 227 257 262 268 274 275 276 278 281 285 291 293 296 300 306 
217 2 3 7 13 23 39 51 61 64 66 75 81 93 96 129 142 159 166 173 198 203 209 215 224 225 249 253 260 266 279 282 289 292 
218 236 239 240 
219 241 
220 236 239 240 
221 38 77 125 146 200 242 248 259 
222 88 92 152 153 156 190 232 295 316 319 323 
223 5 6 15 16 18 21 26 27 28 35 37 45 48 50 52 55 56 57 59 62 65 73 79 82 98 101 111 112 118 120 130 131 133 138 154 161 162 188 189 194 195 201 216 221 223 227 257 262 268 274 275 276 278 281 285 291 293 296 300 306 
224 89 218 284 299 303 324 
225 24 32 44 67 80 100 114 134 144 150 172 186 193 208 211 213 233 280 314 320 
226 5 6 15 16 18 21 26 27 28 35 37 45 48 50 52 55 56 57 59 62 65 73 79 82 98 101 111 112 118 120 130 131 133 138 154 161 162 188 189 194 195 201 216 221 223 227 257 262 268 274 275 276 278 281 285 291 293 296 300 306 
227 71 94 140 149 167 214 217 265 297 
228 71 94 140 149 167 214 217 265 297 
229 2 3 7 13 23 39 51 61 64 66 75 81 93 96 129 142 159 166 173 198 203 209 215 224 225 249 253 260 266 279 282 289 292 
230 71 94 140 149 167 214 217 265 297 
231 24 32 44 67 80 100 114 134 144 150 172 186 193 208 211 213 233 280 314 320 
232 5 6 15 16 18 21 26 27 28 35 37 45 48 50 52 55 56 57 59 62 65 73 79 82 98 101 111 112 118 120 130 131 133 138 154 161 162 188 189 194 195 201 216 221 223 227 257 262 268 274 275 276 278 281 285 291 293 296 300 306 
233 24 32 44 67 80 100 114 134 144 150 172 186 193 208 211 213 233 280 314 320 
234 5 6 15 16 18 21 26 27 28 35 37 45 48 50 52 55 56 57 59 62 65 73 79 82 98 101 111 112 118 120 130 131 133 138 154 161 162 188 189 194 195 201 216 221 223 227 257 262 268 274 275 276 278 281 285 291 293 296 300 306 
235 5 6 15 16 18 21 26 27 28 35 37 45 48 50 52 55 56 57 59 62 65 73 79 82 98 101 111 112 118 120 130 131 133 138 154 161 162 188 189 194 195 201 216 221 223 227 257 262 268 274 275 276 278 281 285 291 293 296 300 306 
236 141 
237 141 
238 95 113 229 264 
239 22 135 192 245 298 317 
240 2 3 7 13 23 39 51 61 64 66 75 81 93 96 129 142 159 166 173 198 203 209 215 224 225 249 253 260 266 279 282 289 292 
241 34 76 124 170 
242 88 92 152 153 156 190 232 295 316 319 323 
243 43 68 84 87 148 151 174 185 212 219 231 251 267 269 318 
244 5 6 15 16 18 21 26 27 28 35 37 45 48 50 52 55 56 57 59 62 65 73 79 82 98 101 111 112 118 120 130 131 133 138 154 161 162 188 189 194 195 201 216 221 223 227 257 262 268 274 275 276 278 281 285 291 293 296 300 306 
245 5 6 15 16 18 21 26 27 28 35 37 45 48 50 52 55 56 57 59 62 65 73 79 82 98 101 111 112 118 120 130 131 133 138 154 161 162 188 189 194 195 201 216 221 223 227 257 262 268 274 275 276 278 281 285 291 293 296 300 306 
246 24 32 44 67 80 100 114 134 144 150 172 186 193 208 211 213 233 280 314 320 
247 5 6 15 16 18 21 26 27 28 35 37 45 48 50 52 55 56 57 59 62 65 73 79 82 98 101 111 112 118 120 130 131 133 138 154 161 162 188 189 194 195 201 216 221 223 227 257 262 268 274 275 276 278 281 285 291 293 296 300 306 
249 169 325 
250 5 6 15 16 18 21 26 27 28 35 37 45 48 50 52 55 56 57 59 62 65 73 79 82 98 101 111 112 118 120 130 131 133 138 154 161 162 188 189 194 195 201 216 221 223 227 257 262 268 274 275 276 278 281 285 291 293 296 300 306 
251 2 3 7 13 23 39 51 61 64 66 75 81 93 96 129 142 159 166 173 198 203 209 215 224 225 249 253 260 266 279 282 289 292 
252 89 218 284 299 303 324 
253 47 
254 2 3 7 13 23 39 51 61 64 66 75 81 93 96 129 142 159 166 173 198 203 209 215 224 225 249 253 260 266 279 282 289 292 
255 38 77 125 146 200 242 248 259 
256 24 32 44 67 80 100 114 134 144 150 172 186 193 208 211 213 233 280 314 320 
257 24 32 44 67 80 100 114 134 144 150 172 186 193 208 211 213 233 280 314 320 
258 22 135 192 245 298 317 
259 24 32 44 67 80 100 114 134 144 150 172 186 193 208 211 213 233 280 314 320 
260 141 
261 2 3 7 13 23 39 51 61 64 66 75 81 93 96 129 142 159 166 173 198 203 209 215 224 225 249 253 260 266 279 282 289 292 
262 71 94 140 149 167 214 217 265 297 
263 123 127 143 147 158 202 228 256 258 277 283 286 294 302 305 307 
264 72 85 204 235 270 271 
265 17 19 49 70 116 155 164 165 197 206 230 244 301 315 321 
266 5 6 15 16 18 21 26 27 28 35 37 45 48 50 52 55 56 57 59 62 65 73 79 82 98 101 111 112 118 120 130 131 133 138 154 161 162 188 189 194 195 201 216 221 223 227 257 262 268 274 275 276 278 281 285 291 293 296 300 306 
267 308 309 311 313 
268 308 309 311 313 
269 308 309 311 313 
270 308 309 311 313 
272 308 309 311 313 
274 17 19 49 70 116 155 164 165 197 206 230 244 301 315 321 
275 43 68 84 87 148 151 174 185 212 219 231 251 267 269 318 
276 88 92 152 153 156 190 232 295 316 319 323 
277 43 68 84 87 148 151 174 185 212 219 231 251 267 269 318 
278 24 32 44 67 80 100 114 134 144 150 172 186 193 208 211 213 233 280 314 320 
279 5 6 15 16 18 21 26 27 28 35 37 45 48 50 52 55 56 57 59 62 65 73 79 82 98 101 111 112 118 120 130 131 133 138 154 161 162 188 189 194 195 201 216 221 223 227 257 262 268 274 275 276 278 281 285 291 293 296 300 306 
280 5 6 15 16 18 21 26 27 28 35 37 45 48 50 52 55 56 57 59 62 65 73 79 82 98 101 111 112 118 120 130 131 133 138 154 161 162 188 189 194 195 201 216 221 223 227 257 262 268 274 275 276 278 281 285 291 293 296 300 306 
281 17 19 49 70 116 155 164 165 197 206 230 244 301 315 321 
282 255 
