0 9
1 84
2 9
3 202
4 31
5 223
6 202
7 9
8 84
9 84
10 138
11 228
12 9
13 18
14 42
15 174
16 84
17 28
18 25
19 9
20 223
21 9
22 36
23 138
24 223
25 9
26 9
27 9
28 9
29 9
30 25
31 84
32 9
33 9
34 84
35 36
36 8
37 191
38 84
39 42
40 52
41 223
42 8
43 9
44 9
45 9
46 57
47 84
48 9
49 18
50 36
51 84
52 138
53 223
54 223
55 9
56 9
57 9
58 28
59 42
60 100
61 223
62 25
63 27
64 58
65 84
66 9
67 66
68 65
69 84
70 103
71 58
72 9
73 84
74 28
75 31
76 90
77 9
78 9
79 89
80 84
81 9
82 9
83 36
84 100
85 100
86 84
87 88
88 42
89 223
90 117
91 73
92 76
93 84
94 90
95 84
96 258
97 85
98 84
99 9
100 78
101 84
102 92
103 223
104 84
105 100
106 191
107 90
108 88
109 84
110 85
111 96
112 84
113 59
114 84
115 88
116 92
117 84
118 92
119 93
120 84
121 103
122 84
123 111
124 174
125 88
126 50
127 223
128 84
129 84
130 84
131 72
132 84
133 92
134 85
135 88
136 84
137 117
138 84
139 88
140 84
141 233
142 100
143 9
144 31
145 88
146 84
147 84
148 31
149 78
150 9
151 84
152 9
153 138
154 84
155 84
156 212
157 137
158 87
159 135
160 191
161 144
162 174
163 84
164 136
165 155
166 161
167 156
168 9
169 156
170 103
171 138
172 9
173 147
174 230
175 137
176 161
177 191
178 84
179 143
180 164
181 138
182 233
183 143
184 156
185 151
186 9
187 146
188 222
189 155
190 164
191 9
192 223
193 84
194 84
195 191
196 174
197 191
198 217
199 156
200 138
201 138
202 202
203 223
204 172
205 164
206 173
207 173
208 193
209 265
210 258
211 178
212 135
213 138
214 191
215 9
216 9
217 172
218 174
219 181
220 182
221 138
222 138
223 191
224 191
225 191
226 9
227 9
228 138
229 191
230 138
231 9
232 191
233 138
234 5
235 177
236 191
237 9
238 147
239 265
240 157
241 174
242 59
243 183
244 253
245 208
246 172
247 9
248 138
249 177
250 177
251 202
252 202
253 9
254 223
255 191
256 25
257 138
258 25
259 138
260 144
261 144
262 138
263 202
264 174
265 19
266 138
267 174
268 9
269 18
270 9
271 191
272 138
273 223
274 191
275 242
276 31
277 244
278 9
279 244
280 223
281 177
282 138
283 3
284 9
285 223
286 9
287 261
288 84
289 84
290 239
291 245
292 267
293 212
294 9
295 239
296 239
297 268
298 278
299 239
300 191
301 9
302 272
303 138
304 84
305 250
306 263
307 250
308 273
309 272
310 263
311 191
312 240
313 264
314 276
315 272
316 271
317 261
318 270
319 265
320 278



0 9 27
1 84 9
2 9 8
3 202 226
4 31 3
5 223 25
6 202 226
7 9 84
8 84 9
9 84 9
10 138 191
11 228 174
12 9 84
13 18 265
14 42 84
15 174 92
16 131
17 51
18 169
19 218
20 113
21 108
22 18
23 218
24 98
25 279
26 169
27 272
28 18
29 103
30 25 58
31 84 9
32 9 45
33 9 223
34 84 88
35 36 9
36 8 223
37 191 84
38 84 55
39 42 84
40 52 174
41 223 9
42 8 79
43 9 27
44 9 191
45 9 84
46 57 9
47 84 191
48 9 84
49 18 103
50 36 9
51 84 15
52 138 42
53 223 3
54 223 112
55 91
56 0
57 188
58 28
59 42
60 100
61 223
62 25
63 27
64 58
65 84
66 9
67 66
68 65
69 84
70 103
71 58
72 117
73 84
74 28
75 31 28
76 90 84
77 9 84
78 9 8
79 89 59
80 84 72
81 9 8
82 9 84
83 36 8
84 100 96
85 100 80
86 84 78
87 88 85
88 42 72
89 223 3
90 117 101
91 73 84
92 76 59
93 84
94 90
95 84
96 258
97 85
98 267
99 15
100 78
101 84
102 92
103 223
104 12
105 100
106 191
107 90
108 88
109 15
110 85
111 96
112 84
113 59
114 84
115 88
116 92
117 85
118 92
119 93
120 84
121 103
122 25
123 111
124 174
125 88
126 50
127 223
128 4
129 203
130 15
131 72
132 74
133 92
134 85
135 88
136 16
137 117
138 33
139 226
140 84
141 233
142 100
143 9
144 31
145 88
146 84
147 84
148 31
149 78
150 9
151 84
152 9
153 138
154 84
155 23
156 228
157 246
158 31
159 67
160 142
161 88
162 169
163 183
164 126
165 203
166 218
167 228
168 227
169 26
170 130
171 54
172 130
173 62
174 152
175 177
176 255
177 211
178 211
179 280
180 215
181 247
182 55
183 241
184 152
185 235
186 237
187 178
188 176
189 215
190 164
191 9
192 223
193 84
194 1
195 191
196 242
197 232
198 220
199 162
200 71
201 200
202 117
203 280
204 91
205 267
206 209
207 264
208 193
209 265
210 69
211 56
212 3
213 147
214 55
215 9
216 9
217 146
218 174
219 181
220 241
221 138
222 138
223 15
224 191
225 213
226 9
227 245
228 255
229 191
230 138
231 9
232 191
233 138
234 5
235 177
236 191
237 9
238 147
239 265
240 158
241 160
242 23
243 147
244 59
245 253
246 208
247 172
248 138
249 181
250 261
251 119
252 73
253 202
254 75
255 164
256 82
257 138
258 25
259 136
260 144
261 207
262 27
263 202
264 120
265 178
266 15
267 174
268 227
269 18
270 9
271 191
272 138
273 223
274 192
275 242
276 31
277 244
278 2
279 244
280 181
281 230
282 118
283 115
284 180
285 175
286 240
287 174
288 247
289 84
290 239
291 245
292 267
293 212
294 9
295 278
296 239
297 184
298 38
299 191
300 46
301 272
302 138
303 91
304 250
305 158
306 152
307 273
308 63
309 212
310 263
311 191
312 26
313 264
314 276
315 272
316 271
317 261
318 270
319 265
320 258


5 4
14 22
20 9
29 35
33 25
39 43
44 47
53 28
59 47
66 63
73 59
77 55
81 23
86 82
91 87
96 85
101 73
108 88
113 88
118 92
123 109
129 114
134 36
139 118
144 59
152 59
156 133
161 144
166 142
176 159
182 137
186 162
190 165
197 175
202 226
208 178
214 188
219 180
225 177
232 189
237 230
246 5
253 18
257 211
266 227
277 25
283 237
289 244
293 252
298 241
306 258
310 264
315 275
320 274
