0 246
1 165
2 91
3 108
4 152
5 8
6 285
7 82
8 58
9 100
10 61
11 105
12 61
13 101
14 118
15 38
16 65
17 108
18 36
19 57
20 245
21 250
22 138
23 36
24 36
25 68
26 4
27 14
28 169
29 91
30 193
31 306
32 110
33 145
34 19
35 200
36 32
37 101
38 32
39 91
40 53
41 53
42 82
43 41
44 15
45 105
46 101
47 183
48 58
49 38
50 145
51 96
52 236
53 137
54 61
55 147
56 150
57 89
58 50
59 80
60 105
61 14
62 315
63 14
64 70
65 4
66 65
67 131
68 169
69 154
70 107
71 101
72 57
73 169
74 51
75 141
76 20
77 131
78 150
79 172
80 137
81 32
82 65
83 84
84 165
85 82
86 8
87 29
88 89
89 91
90 169
91 71
92 166
93 8
94 285
95 170
96 115
97 89
98 137
99 57
100 82
101 70
102 100
103 169
104 96
105 29
106 36
107 32
108 71
109 68
110 117
111 57
112 115
113 15
114 165
115 137
116 15
117 101
118 96
119 4
120 108
121 169
122 116
123 59
124 91
125 117
126 8
127 70
128 165
129 8
130 166
131 96
132 71
133 81
134 101
135 29
136 115
137 38
138 67
139 283
140 104
141 91
142 50
143 61
144 20
145 105
146 28
147 14
148 79
149 39
150 265
151 8
152 28
153 116
154 29
155 33
156 266
157 131
158 29
159 84
160 106
161 61
162 168
163 68
164 118
165 217
166 29
167 115
168 100
169 14
170 41
171 133
172 46
173 137
174 68
175 20
176 123
177 253
178 5
179 303
180 75
181 125
182 150
183 95
184 105
185 33
186 126
187 125
188 69
189 151
190 95
191 143
192 84
193 70
194 70
195 70
196 258
197 29
198 70
199 89
200 123
201 56
202 105
203 71
204 144
205 53
206 150
207 89
208 307
209 105
210 147
211 65
212 115
213 263
214 117
215 76
216 79
217 123
218 86
219 97
220 133
221 245
222 107
223 14
224 38
225 113
226 147
227 118
228 169
229 229
230 112
231 131
232 110
233 125
234 4
235 89
236 123
237 148
238 39
239 143
240 57
241 116
242 125
243 101
244 30
245 41
246 58
247 57
248 121
249 82
250 105
251 70
252 90
253 138
254 140
255 25
256 91
257 89
258 169
259 91
260 58
261 76
262 4
263 150
264 92
265 47
266 50
267 50
268 224
269 230
270 100
271 185
272 82
273 91
274 100
275 205
276 15
277 176
278 75
279 32
280 36

135 1
145 11
144 23
156 31
169 37
142 45
181 55
192 64
202 74
214 87
230 93
225 104
229 114
230 119
243 133
256 141
249 148
248 163
